1129	-0.2768089996071572
1128	-0.27647455831415524
1130	-0.27507634432659045
1127	-0.2723521737426213
1131	-0.2717797948193878
1132	-0.2667103157660031
1126	-0.2659656204254058
1125	-0.2610876614587999
1133	-0.26068588178216523
1124	-0.25907261002970294
1134	-0.25382606342151953
1123	-0.24814186414889453
1135	-0.24535698190810418
1136	-0.23637238177333347
1122	-0.22760759354561816
1137	-0.22733629999736976
1138	-0.21783604931507206
1139	-0.2082597079004351
1286	-0.20825262105011602
1278	-0.2080119633250278
1287	-0.2075556677131681
1288	-0.2068621236196393
1279	-0.206622778683559
1226	0.2064469680432105
1285	-0.20548059903743698
1284	-0.20512149641544655
1277	-0.20344437640590624
1283	-0.20177139215150497
1289	-0.19936216630996628
1140	-0.19893765644151862
1282	-0.1955732165998327
1141	-0.1899445211488363
1290	-0.1885739967967788
1280	-0.1843793606625821
1230	0.18280403064906006
1142	-0.1816655292237184
1281	-0.18034039381592476
1291	-0.17790570251100093
1143	-0.17403796722510026
1231	0.17387342455147153
1225	0.17290718695259147
1292	-0.16844068068312923
1144	-0.1670634320045737
1232	0.16692057683623232
1028	0.1662852684587755
1027	0.16555997517534607
1029	0.16375946725137358
1276	-0.16103509518143658
1145	-0.16084311531421758
1026	0.16051123244079332
1030	0.15899707226712362
1233	0.1582633165422984
1293	-0.15742041786116498
1146	-0.1553109707115858
1031	0.15280644538100133
1234	0.15237733465799966
1025	0.15071746613072323
1147	-0.15052260658520122
1294	-0.14679027257763932
1148	-0.1465405876859909
1032	0.14543581566707983
1149	-0.14312193452040275
1024	0.14132092672997776
1150	-0.14036045062723088
1172	-0.13935359376636455
1171	-0.13887277799737388
1170	-0.13836283694195028
1151	-0.13822140111092984
1169	-0.13784477576935422
1168	-0.13733953939143473
1167	-0.1368586897348805
1152	-0.1365313547564065
1033	0.13652874882321064
1295	-0.13651851028002504
1166	-0.13640141061309596
1165	-0.1359557673261259
1164	-0.13551551434800124
1153	-0.13523299361739366
1163	-0.13505065275408143
1162	-0.13462971734099324
1154	-0.13434937532182398
1161	-0.13424928400696456
1023	0.13413867437711363
1160	-0.13390829831191664
1155	-0.13380929766909988
1159	-0.1336154321491636
1156	-0.13348253197030874
1158	-0.13343585778399172
1157	-0.1334063485694027
1235	0.1315151570340489
1296	-0.12783911092241287
1034	0.1267991770630631
1229	0.1265096268866229
1022	0.12609467471873217
1261	-0.12574279284359843
1260	-0.12556757719466805
1262	-0.1254412553935208
1259	-0.1251585770935686
1263	-0.1248292479533338
1258	-0.12443465890259935
1264	-0.1240545527510685
1227	0.12340105194205428
1257	-0.12330244689585831
1265	-0.12293204154398303
1256	-0.12202484680255637
1266	-0.12151124955490994
1255	-0.12005060580502712
1267	-0.11999681467217183
1297	-0.11989655225679313
1268	-0.11823724134381784
1254	-0.11767102163750555
1346	0.11738221968173068
1345	0.1172633899587769
1035	0.11713829490728164
1347	0.11695778653653371
1344	0.11695662145227509
1269	-0.1163414758759835
1343	0.11630450612963474
1348	0.11614789850821555
1342	0.1158276968240345
1349	0.1150937344624634
1253	-0.11472736051060545
1341	0.11464935600952623
1270	-0.11424665636387991
1350	0.11390205875405486
1298	-0.11299030884040256
1340	0.11283712192404191
1351	0.11253410679322438
1271	-0.11204043396379328
1252	-0.11129051093470055
1339	0.11122215840964753
1352	0.11103318848564331
1338	0.1105630455398176
1021	0.11021980786744603
1272	-0.10974271589278743
1353	0.10936239084833516
1354	0.1077848573410031
1036	0.10775706013438503
1337	0.10767613749271752
1273	-0.10738837506099483
1251	-0.10717767464224269
1236	0.10681415635997399
1299	-0.10646355542037535
1355	0.10618381957472302
1274	-0.10485659177168247
1356	0.10458832405189701
1336	0.10367142844807714
1357	0.10297601755507091
1250	-0.10228493410108919
1358	0.10142289148597348
1300	-0.10063655381455207
1359	0.09988976391587585
1037	0.09856320623818876
1360	0.09827174438380934
1361	0.09675993271916418
1249	-0.09652731304015096
1335	0.09596145213040509
1301	-0.09538714173229741
1362	0.09514201455633367
1363	0.09358761522326939
1020	0.09348970577276533
1364	0.0920478868575889
1302	-0.09091099066602565
1365	0.09043811831670302
1248	-0.08995340298768113
1038	0.08982087420945854
1366	0.08879517611402873
1334	0.0886396763188834
1228	0.08771701865179246
1367	0.08714423505840097
1303	-0.08675861689804161
1368	0.0853992793813179
1369	0.08363472924905135
1304	-0.0830145090363918
1247	-0.08254856127182868
1039	0.08192660137178114
1370	0.08173021299029681
1333	0.08080239922488819
1305	-0.07985133254390034
1371	0.07970599790210459
875	0.07887237438546668
874	0.07882394360856726
2251	0.07812219599198858
2252	0.07789714146750384
1372	0.07754391546468577
876	0.07741164780564085
1306	-0.07689121244031294
873	0.07627500756595428
2253	0.07591539192095614
2250	0.07569146058978743
877	0.07524526929938428
1373	0.07521201978290784
1237	0.07498365499476897
1040	0.07467525191870791
1332	0.07448692651368859
1307	-0.07433558637469861
1246	-0.07379092140060474
2254	0.07346257037171071
1374	0.07279719942113042
878	0.07247427679266209
418	-0.07198235862387864
419	-0.07179027347255032
1308	-0.07177555414404274
1795	-0.07170789354990961
417	-0.0715832898930626
1794	-0.07155555435114906
1796	-0.0713016806684648
420	-0.07088738724776235
872	0.07067717819626065
2255	0.07052127470961729
1375	0.0702265142794393
1793	-0.0702045047740786
1797	-0.07018411031697813
2249	0.07009839902311
416	-0.0698621681023773
1309	-0.06981175637246329
421	-0.06947228480587773
879	0.06883432971665246
1798	-0.06854311676883115
1041	0.06833296220263402
422	-0.06798138343594745
1310	-0.06787128664024145
1376	0.06764589822409654
1792	-0.06749969091907511
1799	-0.06703997838424024
415	-0.06694965590872295
11	0.0668465206392874
12	0.06679037775692145
2256	0.06673546165566495
423	-0.06666528538137068
13	0.06660277574041132
1311	-0.06620859317309208
14	0.06614496292990357
10	0.06598350328495753
1539	-0.06585025419002075
162	-0.06580703589256862
1800	-0.06558026204452598
871	0.06553838272375132
163	-0.06553315902176986
15	0.06548328852344695
1540	-0.06544954623148862
424	-0.06525766637005531
9	0.0650924268874658
16	0.064976630103264
2248	0.0649486951714146
1538	-0.06479713308744366
1087	-0.06477645799272326
1312	-0.0647305198165388
164	-0.06466021475286288
17	0.06463032921339347
1086	-0.06458350352154232
161	-0.06458064432950086
1541	-0.06453342743513554
18	0.064523274196745
1088	-0.06449844301516283
1801	-0.06415134357132136
1389	0.06413139997887227
1089	-0.06412510645102137
1390	0.06412468820304627
880	0.0640851376779953
1245	-0.06404128020505148
1388	0.06403542970056034
19	0.06400062500201309
425	-0.0638926215714926
1391	0.06381230857475857
1085	-0.06371745104385214
165	-0.06369931981003568
1090	-0.06360028822576513
1542	-0.06355014899009918
364	0.06348710360853417
20	0.06337942698457236
8	0.0633764227972637
1537	-0.06334408504186527
1392	0.06327032179066527
1313	-0.06321900017319591
1387	0.06319491992872792
160	-0.06311084083284177
1042	0.06309533226780845
1741	0.0630866753115979
365	0.06299739523497981
1091	-0.0629538527838767
166	-0.06290710110124947
870	0.06284202097312014
1791	-0.06283300322843854
1393	0.06280962640240599
21	0.06279577440362247
1543	-0.06278314820888416
1802	-0.06270217539286856
1394	0.06262452081533337
1742	0.06260206412847678
1395	0.06251192266849262
466	0.062332112073425164
1386	0.06231449646299135
414	-0.06224661479754016
167	-0.0622001899103282
1544	-0.06216953876533788
1084	-0.0621240200730082
22	0.06208561809648355
1092	-0.0619942241226232
426	-0.06198896852803644
1396	0.061980781464128075
7	0.06188096965632294
2257	0.061880346032219154
2247	0.06187020276615577
1314	-0.061830461471457536
6	0.061627836970329294
467	0.06144553017688474
1397	0.0613913099420703
23	0.06135790647845311
366	0.06133908907547902
363	0.06127320224225638
1093	-0.06107392454809154
1743	0.06098832479630658
1398	0.06090769797318449
24	0.060877111894658976
159	-0.06080460624703065
168	-0.060730140381836314
1536	-0.060725128103566325
1545	-0.06070394612971823
1315	-0.06068439286124482
1803	-0.060606691263944405
25	0.060599049364423396
1083	-0.06055298672471904
1740	0.06041563501408664
1385	0.060377281168885064
427	-0.06028804469306876
26	0.06028585497530835
1399	0.06026351639380271
1094	-0.060107295224523766
27	0.059945300862835366
465	0.05994253374308202
35	0.05993666958099292
33	0.059919925233762564
34	0.05991831010380972
31	0.059904081265285666
32	0.059892382290296683
29	0.059847934639981754
30	0.059842670934104364
36	0.059840415617178275
28	0.059786796164467346
37	0.05976945057033535
38	0.059707559212962044
5	0.0597006915453982
1400	0.05964908403415143
39	0.05960372273547092
1427	0.05958860686813711
1426	0.059554871818289695
1316	-0.05951015527258012
1425	0.05949895515077065
40	0.05945379843118372
1424	0.05943303643269017
1420	0.059432311622157945
1419	0.05941005477987997
1418	0.05939686653290798
1423	0.059388580157709474
41	0.05937642877768285
1421	0.059358781573586684
1422	0.05935631311156947
1843	0.05934053418640515
1417	0.05933462326950581
1416	0.05930880381020563
1095	-0.05930580845316865
1415	0.05925173231632672
42	0.059245868037458176
1401	0.05922116078349948
1414	0.0591679094493213
43	0.05911643692168872
1384	0.059100273057750924
1383	0.0590971623192255
1413	0.059096112837715625
1412	0.05904617694797248
1402	0.05902938563235596
44	0.05897195793119134
1411	0.058921060041611954
45	0.05888858108904409
881	0.0588561953861704
46	0.05884958716362739
428	-0.05883209661492107
1804	-0.05882577857488091
47	0.05879470288158395
48	0.05878939401140289
1410	0.05878223880628081
50	0.05878134079570341
49	0.058778605814738275
1403	0.05876153405498102
1043	0.058745378106360435
1012	-0.05870214551109535
1409	0.05866958827944865
1011	-0.05866770059156775
1013	-0.058641574111523195
1408	0.05863908222043998
1010	-0.058620814218813794
169	-0.05861795113854245
1014	-0.05858759705925307
1844	0.058550605605475814
1019	-0.05854730101342743
1016	-0.058545170251625346
1017	-0.05854225458166974
1015	-0.058539726800687385
1018	-0.05853883262447002
1407	0.058532890691139046
1009	-0.05853055171111972
1546	-0.05852923162005958
1406	0.058467396938577346
1404	0.05844938351968473
1082	-0.058417922485095614
1096	-0.058414220278850064
1008	-0.058380065830602644
1317	-0.05837141808473999
1405	0.05828422955697027
1007	-0.05828085795304393
2389	-0.058264636934108834
2388	-0.05825710172725662
2387	-0.058208409369065454
2390	-0.058183832742862554
2391	-0.0581227082347122
2386	-0.0581076671488165
1006	-0.05810746006753224
2392	-0.05802067530066499
2393	-0.057987943592405805
2394	-0.05795449877423166
2395	-0.05790275845931469
2385	-0.05789995482178783
2396	-0.05789405097239622
1005	-0.05786288252631071
367	0.05780446288904281
2384	-0.05773274047464615
1097	-0.057724028093370544
2383	-0.057546999318257644
1744	0.057490579619443705
468	0.05746386474691971
1004	-0.057431250152273336
1318	-0.0574205458503265
429	-0.057418396279251785
1382	0.05734637377351577
1805	-0.0573322795154191
362	0.05732654012230046
2382	-0.05723132027272547
1098	-0.057128125118146425
1003	-0.05700637046569313
869	0.05684112275085186
1002	-0.056629329897397
2381	-0.05662263938419288
1099	-0.05662020017175633
1842	0.056557034527492805
1319	-0.05649121607956008
430	-0.056452952895834414
2258	0.05629926789936124
1100	-0.056240908023758536
170	-0.056230529618925586
1547	-0.05622025712917713
1739	0.05621565352738422
1790	-0.05616490680927393
1001	-0.056139826317959655
413	-0.056091554989451745
2380	-0.05599815812497248
2246	0.05579126952683748
1101	-0.055770360491365766
1806	-0.05574858066389276
1320	-0.055668717870002174
1000	-0.05557223585573063
1535	-0.05556360427098416
158	-0.0554606295683375
4	0.05544622112505009
2379	-0.05541647317351456
1102	-0.05541503453289799
431	-0.055396114278483094
1081	-0.05539331844499984
999	-0.05531240868080675
1103	-0.05519443074760098
1106	-0.055078779991816436
1104	-0.055044865865501835
464	0.05504253157438177
1107	-0.05502036759687895
1105	-0.054985609993090864
1108	-0.05494725916372319
1044	0.05494609052631202
998	-0.05489831290221175
1321	-0.05486167525309294
1109	-0.054798382005388585
2378	-0.05476363846075569
1807	-0.05465948710704881
1110	-0.05464887427269316
1845	0.054630502620582375
1111	-0.05450337386135476
432	-0.054449467964157214
1112	-0.05441423707508493
997	-0.054329617018108456
882	0.05432299358542513
1331	0.05426785031901575
1113	-0.05422540373718967
1322	-0.054144269303179754
1114	-0.05408761117067568
368	0.05400994347392663
2377	-0.05398250762196765
1115	-0.05393344138601536
1745	0.05380828032690168
171	-0.05375892320800076
996	-0.053755578336428154
1116	-0.05373650362916271
1548	-0.05370723690885727
1117	-0.05360391543410514
433	-0.05354313086249588
2376	-0.05353397155252089
1323	-0.053480676044897715
1118	-0.053473674978940525
1808	-0.05339939768387012
1119	-0.05339571837201048
1120	-0.053300734098473114
1381	0.053254577755004785
1121	-0.053239651224869705
995	-0.053021970645014356
1244	-0.05296543997284845
2375	-0.05292871077374227
1324	-0.052857393490614496
469	0.05279071021323377
434	-0.05277678002463192
361	0.052767284480395575
1080	-0.05252333425595033
1809	-0.052331318924211036
994	-0.052323129295989014
2374	-0.05219040417131981
1325	-0.05208753367100163
993	-0.05193381061478481
1045	0.05191127415907379
618	-0.05185407176899428
172	-0.051794941922052716
435	-0.051761817797334804
1549	-0.05170907313056579
3	0.051651504794083224
2259	0.051527228213842736
2373	-0.05151758564123108
1841	0.0515147280059426
992	-0.05142800568504693
1738	0.05142367809024059
1810	-0.051350363974025114
614	-0.0510864618432165
436	-0.05105450553420642
991	-0.050909357725790284
619	-0.05071117389553169
463	0.05069518637514485
2372	-0.05065892714696281
360	0.050645609972237944
1811	-0.05051987342150973
437	-0.05051455814111501
615	-0.05044616326407208
990	-0.05030894341661843
109	-0.05016603793934646
438	-0.05014106662773798
369	0.05007858745125755
1746	0.049947101862775276
1846	0.04990806348768168
439	-0.049887156123922666
616	-0.04987844465484067
1380	0.04985859041125705
2371	-0.0497653594617225
617	-0.04970867883873772
989	-0.04964644152011849
440	-0.049630320579079144
883	0.04960695266247752
173	-0.049552632688021736
108	-0.049476236913688326
441	-0.04947256919751222
1550	-0.0494544746722576
1046	0.04943389064739098
1812	-0.04940319544181964
2370	-0.04926778311399425
442	-0.04926189680862564
443	-0.04922320869507726
444	-0.049216313719087766
1789	-0.049163723496075735
620	-0.049159364380981445
445	-0.04915933147568569
412	-0.049150635307815535
446	-0.04907290844176586
1238	0.049067578475712026
447	-0.049044942858848084
448	-0.04897189767366729
1737	0.04895502543521886
449	-0.048888420960556955
110	-0.04884609467292071
988	-0.048805448502478886
450	-0.04880112034169776
1534	-0.04876257130664317
1079	-0.04873883396320593
451	-0.048707722826428934
2369	-0.04867729346695535
1813	-0.04867169395278808
157	-0.04864551231465476
452	-0.04857050907248713
2	0.04852018572214016
453	-0.04847825349568714
454	-0.04840277492916667
455	-0.048313766680950984
456	-0.04829879346816213
1275	-0.04827230046350753
458	-0.048264985636701646
457	-0.04826473394441189
1814	-0.048190384337701474
470	0.04817037184888309
1486	-0.04811957129069985
2368	-0.048074023229418276
1815	-0.04780332765097657
987	-0.0476630080534775
107	-0.04758039800060287
621	-0.0475690631457446
1816	-0.04754331882982411
2367	-0.0474228557390107
174	-0.047415363251941636
1817	-0.04739519309064473
1551	-0.04732070161340056
1047	0.047266687968976664
1818	-0.04723548323358273
1822	-0.047137723022453254
1821	-0.04713343955118789
1485	-0.0471286749548767
1823	-0.04709376842030527
1824	-0.04706860869791063
1820	-0.04703953176182705
1840	0.04703380251760739
1819	-0.047028724232307494
1825	-0.04701328401508698
1826	-0.046926015000146426
1379	0.04686800782723325
1827	-0.04685438748438783
2366	-0.046802870469757375
1487	-0.046796722086873445
1828	-0.04677155917910774
1829	-0.0466445601468054
2260	0.04661262996115199
1830	-0.046557551842852596
111	-0.04649750385332605
1831	-0.046472473168893975
1833	-0.04639224364647265
1832	-0.04638134655470539
1834	-0.04636057688681454
1835	-0.046347737649938894
986	-0.04634004970021534
622	-0.04627939492369063
1747	0.04602344730413321
2365	-0.046013387041984176
462	0.04596636883983973
1991	-0.045945049693894735
370	0.045901355990672674
1995	-0.045831283465869704
868	0.04574197498983131
1048	0.045604341429221366
175	-0.04547231845061306
1847	0.04537188746894005
1484	-0.045279021015359786
1552	-0.04522466525380629
613	-0.045174660232840946
1992	-0.04509695534631694
2245	0.04496913540548405
2364	-0.04492465432103766
985	-0.044777574726227766
1996	-0.04477366258134427
884	0.04453491224718824
1078	-0.044502831520511765
1488	-0.04435144584129323
1049	0.04431193037464421
359	0.044295707945373276
112	-0.04426542280431598
471	0.044008535020623844
411	-0.04395800251446549
1993	-0.04394034471986883
106	-0.043920950882624286
176	-0.043836595457664836
1994	-0.04381098294531256
2363	-0.043736255850996074
1788	-0.04354431845357215
1553	-0.04352055820104129
984	-0.043499244811803936
1050	0.0434290499040779
1328	0.043294237489255386
1997	-0.04327333780693603
623	-0.04306661411694548
1051	0.04287538552867745
113	-0.04263571568922363
177	-0.042406165030903484
1052	0.04234262558558801
156	-0.04232743645277973
2362	-0.04222445871658151
1736	0.042201510753642
983	-0.04216078483678866
1998	-0.04207562867090686
1839	0.041990855955525555
1554	-0.041985959355856105
1489	-0.041948419599598025
1053	0.04194694661220052
1748	0.041825699170139494
1533	-0.04165278397587855
371	0.04154715601964308
1	0.04149288699037171
1054	0.04147069564430546
1483	-0.04141230015378412
2261	0.04141000368672219
1848	0.04136080623155025
1243	-0.04120041278071282
2361	-0.041088731106593356
1077	-0.04108097934529436
461	0.041069254267459325
1055	0.04101081246167085
1990	-0.04090063776285127
178	-0.04073680985881463
1999	-0.04062988041313997
1056	0.04059985055749958
982	-0.040485317690747515
342	0.040381922456149966
343	0.04037376088282396
344	0.040369031425865114
341	0.04035863856866597
1490	-0.0403304122581935
624	-0.040318197173356614
345	0.04031540131623112
340	0.040266084814992
339	0.040264847319762584
338	0.040252865196008104
1057	0.04023379120789791
105	-0.040220114567104566
1555	-0.04020690793491546
1378	0.040164187154359446
346	0.04015452190414476
337	0.04012568514726132
114	-0.040107973879012354
336	0.04010024421941044
347	0.04001348354273429
335	0.040011817860128814
472	0.03997547756576051
1058	0.03992723463406285
334	0.039880961710466255
348	0.03984173299733018
2360	-0.03983737867580522
333	0.0397584723143582
410	-0.039725278352109594
1059	0.03970165093587646
349	0.03961040418200955
179	-0.039596287216369985
885	0.039517821781024545
350	0.03946461480683453
332	0.03943702085589268
351	0.03937833522055881
1060	0.039303523386664534
353	0.039300445703799945
1721	0.039290638652161994
352	0.03928992076023736
354	0.03927843702290449
355	0.039253618733738324
1722	0.03924389559002537
1720	0.03923330189077407
356	0.039209712171087235
1787	-0.03916059858257593
1719	0.03912157604994335
331	0.03908659535401385
1723	0.03906822432694213
1556	-0.03901334764339937
1718	0.03900544250870419
1061	0.03899275309718915
1724	0.03891810818706043
1717	0.0388703357456123
1716	0.03882838083783864
180	-0.03880020064083008
1062	0.03879746418897866
1715	0.0387430974144139
1725	0.03871568220154251
330	0.03866255093898641
1063	0.03865533640802872
981	-0.03855455115013852
1714	0.03847113284285519
1064	0.03842024761773222
1726	0.03840800026565911
2359	-0.038350605723548106
1713	0.03827804060647485
1727	0.03825796531453925
1065	0.03825608305688266
1728	0.03818254105679154
1557	-0.03818150524311952
1066	0.038170970505790304
1330	0.03815995219293541
1712	0.03810231881592212
1067	0.038097756470560004
1068	0.03807893904810175
1729	0.03806555063236185
1069	0.03806237375044756
329	0.03805845979424348
1070	0.038050831976499395
1730	0.038002897951812595
181	-0.03794237710214464
1731	0.03794151817810019
1711	0.037930421795640455
1732	0.03789808626737358
1491	-0.03784416623580594
1733	0.03782878282751653
569	-0.037707924086870806
1946	-0.03769960517157805
1710	0.03761285713572
328	0.03754856891459789
1849	0.0375479337867759
182	-0.03750637424035013
115	-0.03747164633594664
2000	-0.03737834961800869
1558	-0.03733676835521567
1947	-0.037205821851538215
1709	0.037177210822621
570	-0.037140835668675556
568	-0.03704684740283812
1482	-0.03700763481593205
183	-0.03699505239562613
1749	0.036983523073499544
1945	-0.036964856507862694
1559	-0.036935813184392326
1708	0.03678538623695457
184	-0.036749320556725106
327	0.03671028553312451
1076	-0.03669115647695856
372	0.03659426508803606
1838	0.03654940721438788
1560	-0.03648780388806954
2358	-0.03645549493634318
763	0.03643558833676709
764	0.03642926801944959
155	-0.03641316168930297
762	0.03640794274042642
761	0.03638486684099238
571	-0.036380806684211335
185	-0.036356949117141366
1948	-0.036324320758054876
760	0.03631798061834035
1707	0.03631333604482016
1561	-0.03630559619429133
1949	-0.03628087312144012
980	-0.03627865337295156
625	-0.036276839947746525
2262	0.03627626321269649
572	-0.036271239323549434
759	0.036191270321979316
758	0.03604406735763553
186	-0.036011441047223126
104	-0.03596348479046353
757	0.03593346806975411
1562	-0.03589863500083132
187	-0.03580636508080128
756	0.03579759236146551
473	0.03575059184721097
1706	0.03574236237565681
326	0.03570980032465154
1563	-0.03564285012477186
886	0.03557071589517539
755	0.03556777657258533
1564	-0.035554936886811606
188	-0.03553301216296364
116	-0.03542357246682186
754	0.03542052704006654
1705	0.035379183900967254
1565	-0.03536636329895121
1944	-0.0353482089833846
1579	-0.035322070469640476
1580	-0.0353207749997538
58	0.03531177673989684
59	0.03529589475580355
567	-0.035249813491103094
189	-0.035229909183996336
1492	-0.03521418867818627
1578	-0.03521028241485736
753	0.0352066431714128
1577	-0.035168036863984474
1576	-0.03516657657523674
1566	-0.03513940778909703
203	-0.03512846315623741
1575	-0.035120848955739095
1532	-0.03511745752207108
867	0.03511552303094373
202	-0.035105402580274905
1950	-0.03509542620715717
60	0.03508945264894106
752	0.035056634550437796
1574	-0.03502826052089941
201	-0.03499938531923213
57	0.03499423287166456
1573	-0.03499035276239591
190	-0.034958925667093174
751	0.03494853056661511
61	0.034942426452707676
200	-0.034932351244728654
573	-0.03492521838221377
1567	-0.03492479563717722
1572	-0.03491845066993001
199	-0.03489756966710714
1568	-0.03486139352952574
62	0.03484371682918826
198	-0.03484326181612348
2001	-0.03482558343511728
750	0.034786053020084244
191	-0.034776936601296826
325	0.03475484223820893
197	-0.03475339487569374
196	-0.03473437672696885
1704	0.034712663293236364
1569	-0.03467236360600297
1436	0.034670833310094795
1571	-0.03467021572175092
195	-0.03466976865897276
1570	-0.03463879423897729
1435	0.034617432975141055
749	0.03458180634638206
63	0.034571705868485354
192	-0.034557691613368836
193	-0.03449011945372307
194	-0.03446485198371104
358	0.03444322545761875
748	0.03441795969179848
1437	0.0344170149170377
1438	0.03435968399294675
1434	0.03433034383436833
1439	0.03427568580204634
747	0.03425284633912167
409	-0.034241193794957964
2357	-0.03419860230321641
64	0.03407982235596682
1440	0.034074538883240815
460	0.03403391311796769
2133	0.034021149761166276
2134	0.034016150502091204
746	0.03400664024720965
65	0.033989503232317135
2135	0.03398395336437187
1951	-0.033982095592304286
2136	0.03397859889799296
2137	0.033934653245499075
2132	0.033913308590215505
2244	0.03387371028041692
1703	0.03386403935200427
2138	0.0338587000800762
2131	0.03384786515486539
1327	0.03382004133287359
2139	0.0337515732065276
2130	0.03373308803235363
2128	0.03372070474459461
66	0.033718857021973254
2129	0.0337099003272943
1441	0.0336705682471141
1442	0.03366437520428191
574	-0.03365639856343704
745	0.03365546411715127
2127	0.033642753307603294
2140	0.03362768116312123
1786	-0.03359288626652726
2126	0.03355256291329604
1850	0.033534793775871145
117	-0.033518293658838176
979	-0.03351133516443433
2141	0.03348251845394631
2125	0.03345203230418895
744	0.03330875121337701
2124	0.03330542835230351
67	0.03330470093338259
324	0.033249176044340946
1443	0.03324242300705323
1493	-0.033160093784565546
2123	0.0331208237533068
56	0.033068789557222124
1702	0.03298217388589647
68	0.0329739789493955
743	0.03282172472267088
1943	-0.03280482858224756
1735	0.03280033482105985
2122	0.032768254367047965
1444	0.032697385701279336
566	-0.03269053737814318
1952	-0.03263627658737115
1433	0.03261118463776911
2121	0.03248691258263271
742	0.03240580318726466
1445	0.03237604849522089
2263	0.03231228359370783
1750	0.03220544304802781
1481	-0.03219377881526758
575	-0.03215229370208549
69	0.0319954113755762
741	0.03197484951185894
2120	0.031972860694609966
626	-0.0318435262421241
887	0.03183289576357273
323	0.03169190389040609
1701	0.03169089270991453
373	0.031662171478864985
2356	-0.031610806392978655
1953	-0.03153417021332861
740	0.03152457548997174
2119	0.0314901184564573
1446	0.031342456411268274
1494	-0.031331909159113346
70	0.031321314899448824
474	0.031181594569085105
55	0.031120204178494832
281	0.031072689254287023
283	0.03103406039363201
282	0.031032638851934097
2118	0.030973716323000552
2002	-0.030966628498799467
284	0.03090787006939063
576	-0.030853841587570843
280	0.030829302623387247
118	-0.030793952071976844
1447	0.030704581874198535
1432	0.03065257457912366
1954	-0.030581209104874812
739	0.03057175069837938
285	0.030534117384743646
279	0.030528849140332614
2117	0.030469309896374558
1700	0.030322427345092832
1329	0.030321101724688763
286	0.030297680057528857
978	-0.030261592502640107
1658	0.030240489047962508
54	0.030196349323223726
71	0.03018108487960784
1659	0.03013768853533391
287	0.030121445784308323
101	0.03011304843540121
100	0.030048886867209433
1657	0.030042015073518964
1660	0.03003219374792334
1837	0.0300052354918195
99	0.029971763311922802
1661	0.0298636525100873
98	0.029859097779751136
288	0.02981769481692159
577	-0.029777173888745793
1431	0.029760282679808583
322	0.02974023609271958
278	0.02973983687092609
1478	0.029706073538634005
1656	0.029695484962774465
97	0.02969425166093713
53	0.029681917608680934
289	0.02967919714083618
290	0.02967755463958966
1477	0.029618400235591213
1448	0.02956553933311752
1075	-0.029547149479455994
1476	0.029522096630439337
738	0.0295160383538845
291	0.029502218583232428
1662	0.02948243111474058
96	0.029465153504192355
1430	0.029395225744815616
2116	0.02939126532154576
1475	0.029361900823515103
1955	-0.029315720862834623
1663	0.02929912716913506
292	0.029291544653431662
1942	-0.029278574695167026
95	0.029251038172879128
1851	0.029218198242889824
565	-0.029197664390216232
72	0.029155483540828073
1474	0.029136989801309507
1664	0.029124720174673675
293	0.02901842135637333
94	0.029015426128653418
1473	0.02884418768095781
294	0.028837236082223373
1665	0.028824473131366032
154	-0.028808976247834402
612	-0.028804182196353906
93	0.02879321356015753
1667	0.028768706220352262
277	0.028766488471523927
1655	0.028755508891330304
1666	0.028717793841626867
295	0.028676091113040866
1668	0.028661805345447502
1495	-0.028650556727391897
296	0.028572156420686418
1472	0.028551853588876068
1449	0.028527871217140996
92	0.028510494001420805
1699	0.028488967189424615
1669	0.02847810914331129
297	0.028410742741636814
73	0.028389688662975858
1956	-0.028375384074705117
119	-0.028369070374091313
578	-0.028363435254518482
888	0.028354995298342508
2264	0.028354847676894016
103	-0.02834795994067011
2355	-0.028330601295509412
91	0.028252102576813508
2115	0.02824997167061921
298	0.028248620106948983
1471	0.028229279803702552
1670	0.02820243604911818
520	0.02812398846428068
299	0.028108978879544184
521	0.02810862474929979
737	0.02808486666944588
90	0.02808049894862475
519	0.02803893984845033
1671	0.028034295553037335
1470	0.02795097686102374
1957	-0.02793690799130863
1672	0.027928982444060748
523	0.027920049447253452
1239	0.027897539221487397
1989	-0.027895322001213276
518	0.027894862380866706
357	0.027891049980437604
459	0.02787869559808428
1673	0.02786252085129016
89	0.027840124007377152
300	0.02783813312408556
1674	0.027767492208614523
475	0.027760762720663208
276	0.027726408783288962
524	0.02772124549035061
1450	0.027710632744752235
1675	0.027695506551212275
627	-0.027681666509153314
1751	0.02768046728738755
1676	0.027663814037653615
301	0.027628464097398928
1654	0.027626963599141824
88	0.02762406154784393
74	0.02759733387988281
1242	-0.027596197823863033
1531	-0.027596168239081724
1469	0.027589961880505352
522	0.02752895147367379
1677	0.02748728673437777
302	0.027453714037013976
525	0.027438348387686835
1678	0.027372414944564598
772	-0.027352498519204106
579	-0.02732076157034128
87	0.027315160375660882
303	0.027310083066704873
773	-0.02730129303492886
1468	0.02729604571693057
517	0.027284388635081733
672	-0.02727621569314514
1679	0.027246825021485954
673	-0.027204874553886288
321	0.02716754765651954
304	0.027164994785834916
1958	-0.027149532157208264
1680	0.0271200466424621
977	-0.027115638705185355
1467	0.027112124392490833
2049	-0.027108986368093436
305	0.027061412056480046
86	0.027049206627151143
1681	0.02702306924434461
675	-0.027015964612150736
1682	0.026952298280145233
2050	-0.02693240692249072
374	0.02692802394849085
2114	0.026883879424237495
1451	0.026883026061529074
2047	-0.02687816498035104
1466	0.02687286838852171
2048	-0.026870468709539803
85	0.02681513335720892
0	0.026808555495467522
75	0.026751079325492987
580	-0.026714558139106476
671	-0.026702542440981917
2003	-0.026693696217909672
736	0.02668909561102412
1465	0.02666450115774899
674	-0.026650235179769277
84	0.026633671966996033
1959	-0.026633091344641494
252	-0.026557603130057728
251	-0.026538828372510728
253	-0.026510689103335754
250	-0.026502602292952218
83	0.026484978786720143
249	-0.026475009530281042
254	-0.02646078152556739
120	-0.026431328729158415
1653	0.026431310830364048
248	-0.026414576790600507
564	-0.02641065486538066
1464	0.02639700971421374
526	0.026380786917988584
1622	-0.026350565325707325
2052	-0.026348193040397337
275	0.0263456765851124
82	0.02633157188960748
670	-0.026331107117433084
247	-0.026322537609251916
676	-0.02630300750602626
246	-0.026245661864335548
1623	-0.0262435199152219
771	-0.026242960050911108
1621	-0.02623882410051747
76	0.026238623982971523
1619	-0.026225479523211026
245	-0.02622438955149184
1620	-0.02620106281373741
1624	-0.026194552746087965
2051	-0.026167749899675165
79	0.026160398372909878
1734	0.02615773351598776
81	0.026154702357247046
1496	-0.026151722671901145
80	0.0261474629938094
77	0.02614706548777104
1463	0.026143050454612286
1625	-0.026137732022354577
1852	0.026127471560967327
1618	-0.026127136632584085
1626	-0.0261177531269154
1698	0.02611546621298183
1628	-0.02611086065725319
1629	-0.026108414041490648
78	0.026062172423506023
1627	-0.026058969638340833
1941	-0.026048803988019287
244	-0.02604491057664242
1630	-0.02604084173018885
1452	0.0260108144098812
774	-0.02599724175910391
1631	-0.025989367179242977
243	-0.02595409842121518
1617	-0.025953307527489304
1960	-0.025898854986195364
1462	0.02589720726428078
581	-0.02589570859311732
242	-0.02588694108440963
527	0.02583158818126887
1616	-0.02582528647782168
1461	0.02582289771927997
1377	0.02578253588037271
516	0.025767779828123064
1460	0.025754342199233768
1901	0.02571225968608869
241	-0.025689582064904348
2150	-0.025675102587240563
1902	0.025662144172854964
1900	0.025653312749858874
1459	0.02562412381151887
889	0.025604657259669497
2149	-0.025600726448581194
2053	-0.025589977740058927
1898	0.025572240598694358
2113	0.025552806227020827
1458	0.02548233852782527
1453	0.025480540642485127
1457	0.0254605531335388
770	-0.02545356229222142
1897	0.025437398237190736
240	-0.02540878657994805
1456	0.025377814027962017
1454	0.025352073338150236
1615	-0.025310748845215978
1836	0.02531028533118906
2354	-0.025306996092502435
582	-0.025300937798780718
1896	0.025295345057439494
677	-0.02528573507445404
1961	-0.025243684826454393
1455	0.02523797386914046
1480	-0.025212739049073528
102	-0.025199497948063972
320	0.02519290453157021
1899	0.025119653984196393
735	0.025119204331407994
239	-0.02509733124543469
768	-0.025005684010043515
1895	0.02496321966396254
1614	-0.024954543022181603
769	-0.0248963993866374
2265	0.02484961733870268
1652	0.02477944255868449
1903	0.024658192502112798
528	0.024653155285181062
1613	-0.02459577121752006
1962	-0.02455483734349279
2046	-0.02454808619544492
583	-0.02452227052450924
934	-0.02450554813191009
678	-0.024484638231800894
238	-0.024474831107822274
1697	0.024474251555580594
476	0.02446176432087428
52	0.02443254418299231
2054	-0.024374681774139113
2151	-0.024316894545038558
274	0.02430523965500295
1612	-0.02426016881350592
121	-0.024230084802424508
1497	-0.024195913182298266
515	0.02415619146966775
1963	-0.02414777314893115
1429	0.02414015553382455
937	-0.024106712162021034
936	-0.024100790678222888
2148	-0.024085460965981017
1904	0.024084533617513813
1894	0.02406189717121015
1611	-0.02403691169018858
237	-0.024005413105114285
933	-0.023989812512949724
2112	0.02398624682581614
935	-0.02397633587427415
775	-0.02393327333669679
1326	-0.023880719623344617
669	-0.023818970571015802
1610	-0.02380716654671435
584	-0.023782759161240643
938	-0.023762607881007477
1479	-0.023756084698472547
408	-0.023749656018044928
628	-0.02364329571048988
932	-0.02362873932294694
1964	-0.02355094299411146
529	0.02353753253593461
236	-0.023534559707882756
2055	-0.023514583991414536
2147	-0.02348609847234287
890	0.023470720402767105
939	-0.023404027520281163
1965	-0.0233430001042051
734	0.023248281841373602
1609	-0.02324283581730951
940	-0.02320885021135926
585	-0.023190183136292897
1752	0.02318135055450426
2311	-0.023147454772607656
235	-0.023120787829549908
679	-0.023091655903288297
1074	-0.023078621986343497
319	0.02307741089535236
1966	-0.023020231718460772
941	-0.02301119141870038
1853	0.023004147328382674
563	-0.022977637666164907
1971	-0.022939364581829887
234	-0.02293364993086806
942	-0.022880337062104815
1905	0.022870510448862874
586	-0.022866214088227834
767	-0.02286238056757544
1970	-0.022844404526831334
1967	-0.022839257913178965
2310	-0.022811133970744104
1972	-0.022809611040105836
1969	-0.022807482273556997
931	-0.02280062809275549
1608	-0.022799109599795326
1968	-0.02278920349454876
2146	-0.0227493251748551
2004	-0.022739879083951357
1973	-0.02272852703043809
233	-0.022702029246261135
976	-0.022653936170653692
1696	0.022635677921269175
1974	-0.02259519625112394
1651	0.02257862867687559
2145	-0.0225588093747264
2309	-0.022556759556134353
1893	0.022550206514592323
1975	-0.022539795878386944
122	-0.02251108758393152
1976	-0.022458327215190806
1977	-0.022426764815166075
273	0.022398080633519626
2313	-0.022367260092998276
2312	-0.022365134365182605
587	-0.022358513216476736
943	-0.022346602493840628
375	0.022345710171456402
530	0.022320280065987373
2045	-0.02231152512456998
1978	-0.022303317620520586
2152	-0.022287311663084737
1979	-0.022232072193022655
776	-0.022231913770373746
2314	-0.022221613941191126
588	-0.022175595688816226
1940	-0.022162091747446832
2266	0.022148926320470882
2111	0.022145048365396013
232	-0.02213042595706998
1785	-0.022104238425245722
1607	-0.02209282095637817
1980	-0.02207720272170042
2056	-0.022044062544284305
1981	-0.021947687231605027
930	-0.021913192229538317
1498	-0.021873127563008677
1982	-0.021867088083318536
1988	-0.021865568878952097
589	-0.021861314239147143
2308	-0.021851777764163378
1906	0.02184811092925079
944	-0.02184261948656299
891	0.0218353526842203
1987	-0.021826778769163935
1983	-0.021804844877081012
1986	-0.02177834953190268
1984	-0.021777255710481364
1985	-0.02177282511573628
2315	-0.021754097701473
594	-0.02173698396176789
153	-0.021723860439936047
593	-0.021719112839344877
231	-0.021703945916238844
1606	-0.021681971788684862
590	-0.021672976082763643
592	-0.021646743850861364
531	0.021617761403159116
591	-0.021613359674668042
514	0.021558001729177656
595	-0.021526363745939723
680	-0.021489550544499532
477	0.021460479121192557
668	-0.021452657995615992
596	-0.02142456936049441
2316	-0.021374640982265224
597	-0.021228942856559418
2317	-0.021186175772723425
945	-0.02115404603103806
1892	0.021109397563225003
230	-0.021099691083917807
598	-0.021096543086627596
2353	-0.021074394772168027
2318	-0.02105315312626506
733	0.021048002267692444
2319	-0.021041239867087835
2307	-0.021018857288617045
1605	-0.020981432410488752
599	-0.0209351000820614
600	-0.020890582369992527
532	0.020820393517095727
601	-0.02076346057763886
229	-0.02073580806526917
602	-0.020713230089679246
123	-0.020699525432521605
946	-0.020649263691779905
1907	0.020604705946037097
777	-0.020601969366752817
2320	-0.020557277860907382
603	-0.020549122745550295
929	-0.020529335496008362
2153	-0.020505056704663113
1530	-0.020480479469332267
1650	0.020448328515764842
2057	-0.02042701626436055
604	-0.02042543168437639
1604	-0.02033157849745717
2144	-0.020328412649897203
605	-0.020324379126561192
2321	-0.020269476360079225
892	0.02026664591344849
606	-0.020231103794776762
533	0.020224054845142666
272	0.02020447471693252
318	0.02019322136071557
1854	0.02015195601575464
1603	-0.020147075860960435
607	-0.020141351480302414
228	-0.020139355137664062
1499	-0.020113476928003873
608	-0.020079290105864053
609	-0.020050869623584308
610	-0.020032117520797227
611	-0.020020324777611755
2267	0.02001471194709782
681	-0.02000926735091279
947	-0.019998154064251532
1908	0.019979380303251415
1695	0.019909819607775
2110	0.019893664101130134
562	-0.019886009246996243
629	-0.01983615182755062
2322	-0.01979480259954717
928	-0.019776959559009464
513	0.01975967548997874
2306	-0.019722061059071802
866	-0.01963193873853187
2323	-0.019594541632181883
865	-0.019577944800700204
227	-0.019577739818504122
864	-0.019495427272147536
863	-0.019466877135102284
226	-0.0194008500872326
948	-0.019393635289935658
1753	0.019393551591683458
534	0.019362211356482247
862	-0.01933802075074548
1602	-0.01927503260345643
861	-0.019208508866514692
1909	0.01919215205109721
2324	-0.019158271799028594
893	0.01914229310196141
124	-0.019139484593644146
860	-0.019087141897069216
2336	-0.0190309368401697
2337	-0.018985969716602123
2005	-0.018962932485471137
2335	-0.018960981297273676
2305	-0.018960791781947553
1939	-0.018944291524331164
2338	-0.018942856824164574
2058	-0.018925289844125937
859	-0.01890754411423855
2339	-0.01889823886863768
949	-0.01887445776467857
2334	-0.018869267945304642
2154	-0.018826528913975384
2340	-0.018823468002038823
2325	-0.01879650765006323
2341	-0.01877952738066552
2333	-0.018772843820462213
535	0.018767527000492376
225	-0.018762086931111945
858	-0.01875347044935632
2342	-0.018732837491300048
2332	-0.018696061039549607
2343	-0.01867126205937142
766	-0.01863907326247216
975	-0.01863530314646927
778	-0.018600018263971504
2344	-0.018594082413313607
1910	0.018593146912225925
512	0.01857881321852634
950	-0.018545147433964494
732	0.018527852113217304
1891	0.018527435934505423
2345	-0.01850050797243734
2326	-0.01849877785449721
894	0.01848478363826532
376	0.018463936361035993
682	-0.018460974761775443
857	-0.018456961731864577
2331	-0.018441472286564852
478	0.018429928642199937
536	0.01841306222013125
2327	-0.018390785215847926
2268	0.018380205102241347
2330	-0.018360105300517068
1601	-0.018339592972269066
1500	-0.018298244536673246
2044	-0.018258018776264234
2329	-0.0182579346708702
271	0.018249559162878938
856	-0.01823916294576465
2328	-0.018216165607434977
1073	-0.018170689597717327
951	-0.01811191896690234
927	-0.018110632777177792
1649	0.01805217190850163
855	-0.018050971702832694
537	0.01804410828474201
224	-0.01798895887997496
895	0.017976636848622562
952	-0.017905477920529586
539	0.0178403292654593
538	0.017833400526703014
854	-0.017797775218386578
542	0.01775807122388461
953	-0.01773334815902059
541	0.01772192278257309
1911	0.017683912889200775
540	0.017664629398676367
955	-0.01765755011995556
954	-0.01763320026424771
853	-0.01760084257597251
561	-0.017581556738414706
125	-0.01752191014036915
896	0.01749321390129052
956	-0.017476567508526202
667	-0.01746614051531041
543	0.0174549194053108
1635	-0.017449982293441118
852	-0.017434193343918894
2352	-0.017405132699958664
2109	0.017403414959912916
851	-0.017390697592123628
2059	-0.017377011582819086
957	-0.01737622679576592
1600	-0.01735215327756011
2304	-0.017312041747197013
897	0.017306814142796032
317	0.01729412739772298
958	-0.01726513572570097
258	-0.017217444728979542
1855	0.01721268031204518
850	-0.017176951351763243
1694	0.017169773408775277
959	-0.01714364511107462
223	-0.017071243524751503
1912	0.017055658690160076
544	0.017027771248875542
849	-0.01701506514570253
898	0.016962638385195565
960	-0.01696056509262788
961	-0.016854398203687546
2155	-0.016849297733139548
848	-0.01683746890201334
962	-0.01675190999601809
901	0.0167511675233868
900	0.016746195511907327
899	0.01674069263030726
904	0.01673021659044583
1501	-0.016718153614551742
902	0.016707562053274064
2269	0.016701894116154428
905	0.016699321261780014
903	0.016684432746376668
1913	0.01668228147958514
1890	0.016680644648917286
683	-0.01667068447612388
906	0.016657540901076632
963	-0.016612324503363318
847	-0.016612181167008012
1938	-0.01660363790408131
779	-0.016563006355008278
545	0.016544478300207482
964	-0.016531231141085005
907	0.016528176412945305
1634	-0.01649874775293273
908	0.016443807819307037
2143	-0.016412520779107705
965	-0.016410280280277093
909	0.016304569333734534
846	-0.016298812251381235
2243	-0.016288316941709027
1914	0.016265994774464783
2242	-0.01626489425711191
966	-0.0162528279280319
2241	-0.016198075412692622
2240	-0.016196032850515043
910	0.016188421547693316
126	-0.0161578445983385
911	0.01610184766465037
546	0.016098971460491968
967	-0.016097699170330965
731	0.016096010256953876
257	-0.016094449505328092
1648	0.016087717314179233
2239	-0.01606716140370506
912	0.016020490767072054
1599	-0.016010522609003507
845	-0.01599672838672819
915	0.015980169915938272
914	0.015973884636366825
913	0.01597205797748772
968	-0.015961489472809207
1915	0.01595286471554404
926	-0.01594586510552212
916	0.01594484116751679
2238	-0.01592795343396281
479	0.015925513452108263
917	0.01589627378879641
1889	0.015894569853115464
2237	-0.01587884577666969
1916	0.015878005483984676
630	-0.01586382884284378
222	-0.01583246053912802
1178	0.015795456154785583
547	0.015772741320746114
1918	0.01574998747198229
270	0.015736242980601774
2236	-0.015728378713097527
2270	0.015713245054732254
1919	0.01570082752244662
1917	0.015695620419721338
844	-0.015644738818093872
511	0.01564264717168632
2235	-0.015597736476801391
2060	-0.01557043939044
1179	0.015548092266888802
765	-0.015519146136541626
1754	0.015518795320678727
2043	-0.015496060152261328
548	0.015467518022753455
2006	-0.015441152076793398
2234	-0.015366914411226536
1920	0.01531787015986621
127	-0.015282382978308792
2233	-0.015207137657198846
51	0.015196408757520322
549	0.01515613384966442
259	-0.015113254569490824
2232	-0.01507343750721086
2142	-0.015055860276419832
2303	-0.015052397284467101
1502	-0.015048976911558695
2271	0.0150176106411963
684	-0.015013286674369852
974	-0.015007208443164713
1598	-0.014961117633425529
2108	0.01496079882741166
1856	0.014958127641761281
550	0.014941463535386036
1177	0.0148908004481932
1636	-0.014884876346240474
2156	-0.014882718791287651
843	-0.01488110997401635
2231	-0.014867657995683944
221	-0.014864121635851447
1693	0.014805517451385374
316	0.014805436720715926
1428	0.014798749901874946
1921	0.01478842362584166
666	-0.01477672718224042
2230	-0.014712136596018529
551	0.014710445330735537
1638	-0.014654154963394339
2228	-0.014643531865124243
2229	-0.014639535791100168
2272	0.014588271913879534
552	0.014549434237576986
1633	-0.014515298659755992
377	0.014493445204714591
2227	-0.014455840714575311
553	0.01443774251545513
128	-0.014425215206601954
2226	-0.014402410186165336
261	-0.014353834982329014
2225	-0.014349181226162612
1639	-0.014305637916410237
780	-0.014289679652968576
2351	-0.014273291731783669
1922	0.014246702201323359
2224	-0.014230491980793267
2283	0.014211668667172158
554	0.01418769656217763
2282	0.014178651208434801
842	-0.014166059142975695
2273	0.014161567793106677
2281	0.014144386528292613
256	-0.014142430680020475
2284	0.014123939342230527
2061	-0.014088243842440666
2274	0.014048589245237636
2223	-0.014030033246681487
2285	0.014026286759661624
555	0.01402248153400358
2280	0.013999113158772707
2279	0.013948807319562478
2278	0.013939222358641147
925	-0.013927029384485505
2286	0.0139074298169974
556	0.013860893692134193
2277	0.013853395568287134
2275	0.013809079531488622
2222	-0.013791475960108912
2287	0.013788556733285409
480	0.013757526341764907
2276	0.013754628072758235
1637	-0.01373447899537517
1503	-0.013727736829504749
557	0.01371232260177568
1923	0.01371115171954895
1647	0.013657503080766593
2288	0.013652577863108825
262	-0.013648114332897598
558	0.013632947452076511
260	-0.013597246125804948
559	0.013575700003812367
730	0.013569502455382344
1888	0.013567777245245419
2289	0.013557810011866572
2221	-0.013540155615914292
560	0.013534856028265698
1180	0.013518422989090199
2292	0.013514632135660308
2291	0.013512152544870367
2290	0.013501604724024948
2293	0.013480326825774578
2294	0.013437797364511667
129	-0.013366291327806612
685	-0.013350060298281015
841	-0.013312660288505649
1924	0.013282904451605909
1175	0.013128869057457117
2302	-0.013015783382477419
1176	0.013014715067435916
2220	-0.012939785132659648
1857	0.012916207874303177
1504	-0.012915010759663274
1925	0.012824060121971926
2062	-0.01264533629831734
840	-0.012644818267538004
220	-0.012640138219225782
781	-0.012603395100903848
1597	-0.012581604477666215
2157	-0.012518201502834024
130	-0.012507726927849494
1926	0.012430102254307827
2107	0.012404632852261595
2219	-0.012395465941468755
2042	-0.012356561224595325
481	0.012213663980526408
1755	0.012200509109257575
631	-0.012144537305803543
1927	0.012092082434700684
1505	-0.012076518377110846
315	0.012044269834583038
1640	-0.012038527248078044
686	-0.012038243805626406
1692	0.012032742232808872
924	-0.012010908855935783
973	-0.01195506897957868
665	-0.01185737548457983
2007	-0.011830685825908719
1072	-0.011827112865999075
131	-0.011808472915938227
1928	0.011770273381632699
839	-0.0117673623925376
269	0.01170890081151259
1241	-0.011687711864241628
2218	-0.011685216504393773
510	0.011581654787080255
2350	-0.011552293220036418
2063	-0.011495331900305479
1929	0.011486088452464445
1858	0.011475191725980412
132	-0.011335000255233575
1181	0.011317884409659184
1930	0.01131547090283157
2301	-0.011244591247024312
2217	-0.01124440698389952
263	-0.011170550150159084
378	0.011131281511783239
729	0.011073991533030467
799	-0.011041679286161964
1931	0.011022630297662083
482	0.011005187216996783
797	-0.01098974811830403
1506	-0.01097885614206365
133	-0.010947804363113376
800	-0.01094514073646372
798	-0.010938719636761766
801	-0.01090542798075009
687	-0.010891511291647074
782	-0.010850029950002879
1932	0.010843304690472575
2158	-0.010833319427875425
802	-0.010797435946385976
796	-0.010792369396151021
255	-0.01071468794451133
838	-0.010703431241032419
1933	0.01065743966720307
803	-0.010627542718707103
795	-0.010588735383009818
134	-0.010566511201910364
2064	-0.010542439298988567
2216	-0.010519290716039856
1934	0.010510798008296419
1859	0.010455092816121165
794	-0.010453917517295951
1935	0.010419926798134672
804	-0.010396658888559292
1937	0.010365051030480021
1936	0.010358800283261365
822	-0.01029062579013505
219	-0.010287028457301728
923	-0.010214747828796273
1596	-0.010208170018544814
1887	0.01015411930496637
793	-0.010136007753690208
821	-0.010110679900764056
805	-0.010104664078511226
135	-0.010088673476795124
407	-0.010083395868116447
1507	-0.01001449383645847
406	-0.010008344907532522
483	0.009979029212284855
405	-0.009963101617758211
404	-0.009927560452925149
806	-0.009905530477208631
403	-0.009891860544377259
688	-0.009891205891992126
2106	0.009881730795521994
2065	-0.00985055093965106
402	-0.009813929411699288
783	-0.009784198143609594
136	-0.009773708271492789
837	-0.009750457531235362
807	-0.009701283318701535
1646	0.00970122875316628
792	-0.009669209430458953
823	-0.009663468438001437
401	-0.009661742002838586
820	-0.009614972300329132
808	-0.009573254305707211
1860	0.009559693549246967
400	-0.009558716628766424
2300	-0.00955774986844349
1174	0.009554723876999965
2215	-0.00955286418628839
137	-0.009502696602360045
1756	0.009497922549911214
399	-0.009467267943122195
2066	-0.009403098165654577
809	-0.009388316418023238
398	-0.009360438104253993
791	-0.009353172374691443
1632	-0.009319679461542217
1508	-0.009263167350661374
810	-0.00923781603145259
689	-0.009207240156812752
2349	-0.009191758715892404
2041	-0.009190712529299273
397	-0.00918963165686408
138	-0.009189254164057798
922	-0.009184715350685952
632	-0.009182146994585345
314	0.009181028964721043
824	-0.009177292935613241
484	0.009162808950499163
1641	-0.009085176080322862
811	-0.009074909163809966
2159	-0.00906633930309593
139	-0.00901717946607776
812	-0.0089833089295346
836	-0.008979654270114587
1691	0.008973329101772188
972	-0.008969415173827433
2174	-0.008959482354941376
790	-0.008945729501212477
396	-0.008942792223026724
2171	-0.008938047749557632
140	-0.008924157335845258
2173	-0.008923913118210912
2172	-0.00890000919719846
813	-0.008878263658176825
2299	-0.008861611117455093
1861	0.008838727438059772
2098	-0.008826699002706934
1182	0.008790000638729636
2170	-0.008786183848311774
814	-0.00878273466001037
485	0.008781258727280845
784	-0.008773309653129596
141	-0.008758582623877239
2067	-0.008738555706372284
2176	-0.008738322181239445
395	-0.008729274360291793
2175	-0.00872595532561519
2214	-0.008723572915179393
495	0.008712175506449052
1509	-0.00871191964902775
815	-0.008705490908159981
497	0.00869289635100059
486	0.008687098858766226
496	0.008666329589554381
498	0.0086638058654863
494	0.0086635254576797
664	-0.008656801258337146
2008	-0.008569491065414556
1780	-0.00856369203315034
2169	-0.008557874647028124
499	0.00855632889569517
487	0.008552833452628474
1863	0.008544873379948647
1781	-0.008541343312483109
142	-0.008539336502475814
1862	0.008535809232224486
493	0.008535351714967988
1779	-0.008520985427525773
825	-0.008518213862521861
1784	-0.008511984003141074
152	-0.008504280319167192
1782	-0.008495416517363326
502	0.008485342878238662
1783	-0.008484578931066144
789	-0.008481190488712782
151	-0.008467185077789728
2199	-0.008466654825414614
500	0.0084612990326486
2177	-0.008460866330889766
394	-0.008452995027995736
690	-0.00845120752356984
492	0.008441944016066929
150	-0.008439272974677404
503	0.008433342530481289
143	-0.00843093724139969
501	0.008427942404921151
504	0.00841985617333266
1778	-0.00840063191970803
819	-0.008397263554646131
835	-0.008393668765709373
505	0.008383083839188541
488	0.008377306601894332
1588	0.008375503929685378
1864	0.008368225815667549
2168	-0.008363764435333751
379	0.00835563924784607
491	0.008350090539309872
1777	-0.008348976844822687
506	0.008338337703956289
1510	-0.008332052382012659
149	-0.008313569743382834
509	0.008297161184388432
144	-0.008293671772458246
507	0.00828650239275858
489	0.0082855102759437
1776	-0.008282449884963471
508	0.008279744325380634
1589	0.008278026862839852
490	0.008269624015363054
148	-0.008231448704204499
2178	-0.008219234646701537
145	-0.008218013062742054
2097	-0.008206131107697115
2068	-0.008205270673961136
1872	0.008189032556366849
1240	0.008185446014628516
1871	0.008181114277198278
1865	0.008173602337591625
393	-0.008171694239633237
1775	-0.008170413334022478
146	-0.008164535000515238
147	-0.008126085834959279
1874	0.008101034991628875
2099	-0.008096486328734328
264	-0.008095551132872168
1870	0.008088624834853252
1873	0.008076124398304189
1774	-0.008074369210300634
2160	-0.0080743591075507
2200	-0.008071831664767649
2198	-0.00803376760331325
1869	0.008026335875070139
1866	0.008015126870883191
788	-0.00798745060548981
2213	-0.007984582327785567
2167	-0.007977784259792012
785	-0.007973681284411002
1875	0.00797014332957309
818	-0.007946838624968968
1868	0.007942657623065261
1511	-0.007931925600985403
1867	0.007928169151497653
826	-0.007926629875471543
2179	-0.007918074543601083
1773	-0.007871009590454227
2201	-0.007869323079769725
728	0.007859759992414193
392	-0.007859550443038354
786	-0.007801411216161289
691	-0.007774039528883533
1876	0.007769399405011663
787	-0.007749510684497626
218	-0.007709414533942225
1772	-0.007704737641922673
2197	-0.007666370724938467
834	-0.00763890855905071
313	0.007579182507473695
1877	0.0075680949229079125
2180	-0.007540045451893041
1595	-0.007537839599014492
2212	-0.0075266174667631075
391	-0.007522143647486796
2166	-0.007496821907284485
2202	-0.007494264047582172
2069	-0.007489153847914666
1771	-0.00747195801034077
1173	0.007463440494842628
1878	0.007451429468615414
1512	-0.0074493109097248204
1879	0.007441742942956487
1529	-0.007417316643521817
211	0.007400711707973733
1528	-0.007360317331626075
1183	0.007342592001742285
1880	0.007318620978020262
1881	0.007260925831621845
1527	-0.007252484109068728
1770	-0.007233023957424996
1882	0.007199194073870676
921	-0.0071918392317152115
1886	0.007191722868606516
212	0.007163102844177751
1883	0.007158592816896446
2181	-0.007152333873448611
1885	0.007140239407566803
2161	-0.0071339359929252265
390	-0.00712897717566165
1884	0.007119488273717051
1587	0.00709868157902688
268	0.007081569265144707
1690	0.007077979310313157
1590	0.0070685197507816405
1526	-0.00706326415890281
1513	-0.007058284558712485
2070	-0.007057781807639382
692	-0.007019700484217454
833	-0.00699031827072531
2096	-0.006981756079681716
830	-0.006972441894623033
2165	-0.006948631384373035
2298	-0.006939149425570103
1769	-0.006929335844772326
1757	0.00692053335247312
827	-0.006915364112211546
2211	-0.0069131364373087095
1525	-0.006904551512502632
662	0.006890350761867491
2203	-0.006874696880723776
831	-0.006833496766694626
829	-0.006827318804502432
661	0.0068078611718757325
832	-0.006792018094567501
721	-0.006789242037721343
1514	-0.00678104039835369
660	0.006713731184549454
2182	-0.0066916283410873864
2071	-0.0066897237380525885
659	0.0066715788401323865
389	-0.006670609955925718
1224	0.006669023038538873
1524	-0.006662039046665622
1768	-0.006652311698499823
658	0.006611452542307709
693	-0.006595500548840597
2100	-0.006569775300793091
2164	-0.006565023717419553
2105	0.006537860181182291
1516	-0.006531775781093234
1523	-0.006530716291947985
1515	-0.00652663540200859
2162	-0.006523075304775512
828	-0.00651284910391727
657	0.006508028150037445
1517	-0.006503280584562425
1586	0.006502399913544725
2163	-0.0064946768643959416
1522	-0.006454461952497802
1518	-0.00641966796370299
1521	-0.006394835576492071
2183	-0.006391761899177896
1520	-0.006382917385400976
2196	-0.0063757763604856636
656	0.006368928970695098
1519	-0.006356305460667875
2210	-0.006294486625822846
2072	-0.006284160027826929
210	0.006274186386005861
655	0.006264193611485491
633	-0.006240113594384335
1767	-0.006226195478287272
722	-0.006224650717237505
694	-0.006177345791851728
654	0.006160574769919576
213	0.006150836530407111
817	-0.00614280200001404
2039	0.006114865546292997
2207	-0.006107316440372898
388	-0.00609391604334811
2348	-0.006093188199163593
2184	-0.006091476011789278
720	-0.006087970877789443
653	0.006063971181470449
2208	-0.0060063394793725714
2206	-0.006005218051845464
2209	-0.006004528336452757
2038	0.0059982982004879075
2009	-0.005992453460694494
652	0.005956164821551896
2185	-0.005933438778463033
2073	-0.00591489582326097
312	0.005874312500485838
2204	-0.005867784138149972
651	0.00584650510813516
2037	0.005842280997460496
650	0.005838240641969033
1585	0.005817356193304348
2021	0.00578965958360083
695	-0.005765512457885292
380	0.005764631247437387
2036	0.005764475683057243
2022	0.005761002338315115
2024	0.005755964203788261
2195	-0.0057479877634874195
649	0.0057464284607393525
2023	0.005745553489370031
209	0.005745420404477163
2025	0.005740834132098481
648	0.005703201121974301
2186	-0.00569367199244787
1766	-0.005688567783281551
2020	0.005683874677674733
2035	0.005680493083919167
2026	0.005674038589569904
971	-0.005666359398530189
647	0.005656240119101134
663	-0.005650033426551676
2027	0.00564743062276971
1642	-0.005636924799443871
1184	0.005630341383337006
2034	0.00557442422925458
2205	-0.005556196968302158
646	0.005528971906597363
645	0.0055113844507671495
2074	-0.005500858269540254
2033	0.005488151892308711
644	0.005485851656854252
2019	0.005481326762516
696	-0.005474631237432957
2187	-0.005471940898747427
2028	0.005468546643627128
2029	0.005409504120074469
2031	0.005396950671075602
2030	0.005392558347525195
387	-0.0053892721195398135
2032	0.005385801092829619
311	0.005341250295913393
208	0.005310073670638233
920	-0.005302108869108347
643	0.0052793281672352714
2018	0.005244092929255535
2188	-0.005243280450751869
1689	0.005221276371401806
2040	-0.0052170253815838384
2297	-0.005210555291648449
719	-0.005172356212728596
2189	-0.005156077469213722
205	0.005154039576166071
1645	0.005152092106467598
1591	0.0051493548115163525
816	-0.005136289692431909
2075	-0.005117549194257399
697	-0.005103757139554264
1765	-0.005055595893351953
2190	-0.005044257143325086
2017	0.00503656782388716
1185	0.0049782087302662256
1187	0.0049691904666349295
642	0.004944739802963945
2191	-0.0049122730680862155
1186	0.004903200036298031
2192	-0.004869154520384398
723	-0.004836508023332829
1188	0.004833189865232648
727	0.004824035892117364
698	-0.0048155276211190355
2076	-0.004767454804028927
1214	-0.00469174604765845
310	0.004674080241102111
2016	0.004668690362741178
1213	-0.004667026488250359
1758	0.004658357517450302
1688	0.004627673522028518
641	0.0045699735475582
204	0.004541014770529364
1582	0.004538037752159571
265	-0.0045371928530692366
217	-0.004510274466322394
699	-0.004510056635499977
1212	-0.004501242236025484
2194	-0.004491021788950178
2193	-0.004479255238771856
1764	-0.004383164311992277
1215	-0.00438156193915249
2077	-0.0043577939538475
386	-0.0043343332554455554
214	0.00433070559817416
1216	-0.004257392647140883
1594	-0.00423872764371443
640	0.004216301910276982
1211	-0.004202190491405592
700	-0.004170026272740167
207	0.004135791304745755
1584	0.004116857883370072
1581	0.004109717896178887
1217	-0.00410475056613899
2095	-0.004091388475590157
1687	0.004053506514380814
1210	-0.003988441854422615
2078	-0.0039782295469030955
2015	0.003933736846471081
1218	-0.00391444079636322
1189	0.003905705034522175
701	-0.0038947757105676317
1071	-0.0038785750749899075
2101	-0.003855922144211871
1209	-0.0037729229031855695
634	-0.003730621778804171
1219	-0.0036940137453042848
206	0.0036835614570527165
702	-0.0036429671472923346
2079	-0.003624907866284461
639	0.0035687966869365683
1220	-0.003543530534546648
381	0.003510664369739516
2104	0.0034655859945045197
1208	-0.0034386806246555746
2296	-0.003425938144180377
267	0.0034083962457834138
1221	-0.0034030609620635723
2010	-0.0033295638850077015
703	-0.003304935994882111
714	0.003301138157295081
1763	-0.0032994764401834756
919	-0.003276336292322651
1223	-0.003268448053506035
385	-0.0032412058960220084
1222	-0.003221420565548907
1190	0.0032116370044580084
307	0.0032069893084101424
1206	-0.0031806951584225944
2080	-0.003172926669806683
1207	-0.0031677066333161974
1583	0.003135291168290138
2091	0.003021285196367016
309	0.002955908853285626
308	0.0029425187941450534
704	-0.00291942333878357
1204	-0.0029003950674601434
1205	-0.0028840437434551093
2014	0.0028796138851030105
1759	0.002835071273284048
2347	-0.002808735485977446
306	0.0028077800248869976
1683	0.0026990557078301284
1191	0.0026852912963508035
2081	-0.002671591748213444
1203	-0.0026603184727216588
705	-0.0026104994021713098
1684	0.002592941902437287
638	0.0025250941226923427
718	-0.002468664696435201
1202	-0.002458199552983788
706	-0.0023981423948616393
1686	0.0023844164937433083
726	0.0023801631152178867
1192	0.002372825322408553
970	-0.002372218815378922
2082	-0.002263960181781599
1685	0.002263253545697258
1592	0.0022380106251148274
724	-0.0021853987817018567
707	-0.002185158249223157
2346	-0.0021836224088867965
1643	-0.002159220114025606
1201	-0.0021574003945777145
2094	-0.0021381483474369645
1762	-0.0021351277571686963
2102	-0.00205104375385691
1200	-0.0020403260192787443
2083	-0.0020174559849031404
708	-0.0019723275796380843
1199	-0.0018859498346551246
2013	0.0018409386833192667
635	-0.0018332297057325128
384	-0.0018312353139259224
709	-0.0018311731092664468
2084	-0.00180693119462009
1193	0.0017819960834894975
969	-0.0017754381289729322
1644	0.0017446653449943465
382	0.001664459774106697
710	-0.0016477974602973674
2085	-0.0015856798962806135
215	0.0015189844075281598
1198	-0.0014496959652652074
711	-0.0014359325915461862
2086	-0.0014338803805648657
712	-0.001302679171204159
216	-0.0012769003985302326
2087	-0.0012639761535357175
637	0.0012414208532263446
713	-0.0011910237518870529
1194	0.0011744101218319587
2088	-0.0010812490488020655
2011	-0.001065434855666568
2093	-0.0010622840979895853
2103	0.0010213854814483498
1197	-0.0010208041191156487
2089	-0.0009972358244731026
1760	0.0009567346976698163
715	0.0009497929337647547
2090	-0.0009229442843505189
717	-0.0008261657137274602
1593	-0.000776172594030768
266	-0.0007431225754571053
1761	-0.0007239745434318355
2295	0.0006834080116697169
918	0.000637553380634308
725	-0.0004879710458865721
2012	0.00041731984039966173
1196	-0.0003779292533943921
716	0.0002714650596134812
1195	0.0002665519842870273
383	-0.00017055147556559769
636	-0.0001023565796916071
2092	3.079491306811783e-05
