PFRMAT	QA
TARGET	T1096
AUTHOR	YOUR_NAME_HERE
REMARK	None
METHOD	SVR
MODEL	1
QMODE	2
server18_TS1	3.946 3.731 3.714 3.162 3.873 2.971 3.09 3.832 3.41 3.162 3.685 4.501 4.517 4.231 3.503 2.919 3.823 3.616 3.383 3.624 3.453 3.614 3.723 3.058 4.149 5.603 
4.254 6.363 4.175 3.715 3.689 3.534 2.507 3.649 2.959 2.38 3.1 3.35 3.103 3.117 4.245 5.748 4.139 3.918 3.353 2.455 2.027 1.936 1.712 2.825 2.994 
2.445 3.417 3.211 2.535 2.412 2.126 2.078 1.872 1.085 1.717 1.265 1.343 1.434 1.369 1.752 1.355 1.574 1.812 2.214 2.359 2.152 2.198 3.177 3.044 3.104 
4.744 3.38 4.063 3.532 3.591 3.686 3.892 3.562 2.921 2.576 2.601 2.163 2.24 2.34 1.927 2.26 1.317 1.996 1.906 1.519 1.77 1.87 1.751 1.756 1.627 
2.343 2.019 1.821 2.319 3.718 2.749 2.007 2.276 2.178 2.123 2.215 2.263 2.809 4.274 5.372 6.066 4.917 4.619 4.235 4.069 4.116 4.435 3.691 2.74 3.06 
2.64 3.984 4.534 4.648 4.79 5.365 5.934 3.818 3.864 3.735 3.481 2.595 2.247 1.906 2.08 1.465 2.644 1.874 1.679 1.962 2.113 1.449 1.793 2.061 1.609 
1.636 1.511 1.468 1.435 1.98 2.041 2.212 2.618 4.039 3.49 3.216 3.366 3.621 3.152 2.455 3.205 2.391 2.206 2.225 1.973 1.833 2.084 1.676 2.002 2.043 
1.965 2.37 2.685 2.563 2.106 2.916 3.597 2.858 2.658 3.386 3.208 2.676 3.832 3.435 3.813 3.977 4.138 4.015 3.887 2.404 2.702 1.908 1.371 1.799 1.679 
1.212 1.646 1.866 1.834 1.816 2.044 2.394 1.235 2.458 2.205 2.514 2.157 2.347 2.922 3.121 3.013 2.96 2.422 3.154 2.231 2.113 2.257 2.402 2.286 1.81 
2.627 2.508 2.544 2.178 2.617 2.658 2.951 3.105 3.148 3.548 3.466 4.871 4.984 5.091 3.814 2.947 3.614 2.451 2.889 2.334 2.682 3.706 3.901 3.413 4.475 
3.018 2.719 2.384 2.912 2.385 2.354 2.584 1.801 2.029 2.181 2.196 2.376 2.402 1.966 1.986 2.702 2.304 2.421 2.188 3.021 3.102 3.676 3.956 4.448 4.0 
4.892 4.46 3.714 3.72 3.409 3.423 3.082 3.235 2.836 3.054 3.328 3.4 3.048 3.048 2.869 2.835 2.911 2.817 3.101 3.26 3.277 3.204 3.794 4.134 4.969 
5.435 4.295 4.474 4.308 2.966 3.066 3.395 3.522 3.229 3.542 2.902 4.188 3.889 4.2 4.445 4.367 5.063 4.143 3.636 3.856 3.045 3.571 4.237 4.46 2.912 
3.721 4.361 3.114 4.232 4.145 3.886 5.796 4.381 4.12 2.475 2.434 2.326 2.44 2.916 2.128 2.287 2.517 2.426 2.21 2.237 2.276 1.736 1.668 1.719 2.633 
2.529 2.881 3.633 3.494 3.474 5.002 4.604 4.845 3.766 3.197 2.955 3.099 2.627 2.654 2.349 2.558 2.352 2.021 2.591 2.238 2.152 1.964 2.732 2.669 2.843 
2.908 4.43 3.612 4.807 4.143 3.963 4.058 3.809 3.023 3.28 3.456 4.236 4.829 6.269 4.913 5.137 3.737 3.701 4.033 3.92 4.561 4.394 7.337 5.894 5.172 
4.694 4.506 4.105 3.909 4.083 3.368 3.161 2.616 3.231 2.861 2.783 3.058 2.783 3.506 3.397 4.12 4.336 4.155 3.795 4.941 4.003 3.355 2.912 3.051 3.825 
3.527 5.281 6.01 3.553 3.191 5.211 2.947 4.363 6.012 3.737 3.665 3.726 3.045 2.811 3.662 3.222 2.596 2.786 2.485 1.898 2.138 2.249 1.622 1.835 2.591 
1.74 1.897 2.281 1.932 2.191 2.476 3.029 2.544 2.967 3.331 3.514 4.119 7.018 
server02_TS1	2.608 2.714 2.464 2.534 2.487 2.268 2.555 2.638 3.322 3.479 3.65 3.452 4.181 3.96 3.688 3.131 2.841 2.807 3.1 2.694 2.748 2.481 2.834 3.294 3.689 3.183 
3.506 3.456 3.858 4.66 4.888 4.183 4.68 3.943 4.212 4.544 5.431 5.434 5.073 4.859 5.833 5.617 4.758 4.062 3.558 3.635 3.56 3.008 3.083 3.513 3.961 
3.746 3.466 2.877 2.869 3.237 3.275 3.737 3.814 4.632 5.727 4.835 4.207 3.739 2.685 2.616 2.391 2.584 2.651 3.016 2.868 2.797 2.641 3.178 4.017 5.846 
5.566 6.227 6.285 6.78 6.172 5.011 3.56 2.928 2.854 2.709 2.854 3.082 3.378 2.786 2.361 2.701 2.807 3.055 3.101 3.607 4.246 5.538 4.557 4.007 3.35 
3.09 2.717 2.878 2.747 2.887 2.944 3.18 3.214 3.209 3.733 3.537 3.8 3.551 3.695 3.651 4.302 4.725 6.811 6.913 6.973 7.963 6.315 6.343 5.21 5.381 
6.828 12.04 9.858 9.438 7.211 7.165 6.204 6.979 12.713 12.058 25.746 8.382 6.851 4.388 3.959 3.858 4.001 2.612 3.487 2.707 2.978 3.573 2.869 2.924 2.602 
3.444 3.737 4.747 4.574 2.895 2.902 3.403 3.184 3.551 3.401 3.524 3.245 2.743 3.572 3.484 2.987 3.102 3.014 3.739 4.011 4.387 4.115 3.861 3.281 3.633 
3.803 3.786 3.382 3.912 3.332 3.167 2.705 3.364 3.347 2.549 2.839 2.969 3.533 2.937 2.526 2.839 4.169 3.101 3.55 3.561 2.495 2.78 3.159 2.751 2.294 
2.602 2.292 2.348 2.798 2.24 2.497 3.027 2.803 3.924 4.49 4.768 4.917 4.107 4.736 4.974 3.806 3.772 3.543 3.199 2.826 2.771 3.442 3.106 2.603 2.604 
3.306 3.287 2.486 3.497 3.118 3.986 4.893 3.747 4.76 4.863 3.825 4.068 4.33 3.443 3.396 2.857 2.83 3.084 3.028 2.596 2.632 2.459 2.979 3.041 2.394 
2.806 3.037 2.784 2.904 2.791 3.497 3.544 3.386 4.381 3.568 3.788 3.126 2.91 3.301 2.739 2.457 2.43 3.135 2.753 3.029 2.992 2.987 2.777 2.975 2.917 
2.589 2.827 3.328 2.854 3.115 4.275 3.768 3.15 4.201 4.813 4.366 4.208 4.453 4.116 3.331 3.005 2.876 2.853 2.375 2.896 3.283 2.725 2.61 2.956 3.334 
2.83 3.672 3.544 4.576 4.019 2.967 2.821 2.578 2.238 2.805 2.424 2.608 2.711 3.302 3.016 2.907 2.943 3.933 3.115 3.585 3.831 3.827 3.71 2.958 3.688 
3.258 4.14 3.872 3.233 3.162 2.922 2.557 2.438 2.818 2.085 2.359 2.621 2.035 1.857 2.496 2.462 2.386 2.508 2.965 2.486 2.487 2.25 2.828 2.522 3.87 
3.992 3.899 3.673 3.972 4.879 6.082 5.799 4.562 4.591 4.223 2.448 3.226 2.825 3.181 2.486 2.781 3.595 2.908 3.449 3.028 2.984 4.248 3.955 4.106 3.477 
3.642 3.012 2.944 2.585 2.308 2.438 2.456 2.766 2.375 2.201 1.996 2.471 3.691 2.248 2.302 2.746 2.793 2.507 2.952 2.893 3.334 3.425 3.69 3.509 3.065 
3.372 3.973 4.078 3.457 4.318 5.404 4.414 3.649 3.651 3.563 3.472 2.606 2.322 2.09 2.558 2.049 2.159 1.796 2.736 2.354 2.279 2.316 2.291 2.603 2.388 
2.188 2.352 2.544 3.127 3.642 3.369 4.327 3.911 3.367 4.386 3.915 5.051 5.551 5.29 4.806 4.166 4.213 4.588 3.815 4.879 3.946 3.245 3.219 2.99 4.042 
4.007 3.552 3.393 4.068 4.134 4.412 4.913 5.308 4.46 4.756 3.833 6.263 4.923 
server16_TS1	4.257 4.514 3.566 3.18 3.229 3.6 2.633 2.566 2.964 2.47 3.511 3.683 4.626 5.058 4.766 3.62 2.864 2.645 2.205 2.817 2.638 3.46 3.08 2.822 2.768 3.576 
4.005 3.839 4.163 3.597 3.43 3.545 3.258 2.128 3.165 2.91 3.148 3.156 3.421 3.526 3.901 3.152 3.257 3.663 3.771 2.776 3.153 2.771 2.656 2.226 2.087 
2.226 2.113 2.014 2.333 2.131 2.36 2.202 2.606 2.49 2.384 2.192 1.937 1.929 1.941 1.875 1.447 1.545 1.569 1.522 1.722 1.835 1.888 2.058 2.637 2.593 
2.856 2.858 3.702 3.655 3.289 2.856 2.873 2.471 2.159 1.996 2.025 2.059 1.738 1.774 1.94 2.222 1.86 2.167 2.587 2.765 2.327 2.868 2.379 1.998 1.858 
2.006 2.231 1.884 2.25 2.405 2.397 1.975 3.209 3.485 2.779 3.771 3.878 4.49 4.907 5.181 4.121 4.504 5.354 5.328 7.765 11.014 7.036 5.943 5.062 4.541 
4.348 4.124 3.652 3.882 3.354 3.472 3.111 2.81 2.467 2.35 2.351 1.796 1.962 1.866 1.046 1.38 1.44 1.807 1.443 1.151 1.122 0.995 1.27 1.285 1.491 
1.764 1.651 1.844 2.324 2.429 2.277 2.389 3.082 3.454 3.346 3.891 4.094 3.319 3.289 2.657 2.538 2.131 2.582 1.988 2.231 1.909 1.938 1.973 1.796 2.043 
1.993 2.259 2.9 2.922 4.007 4.356 3.535 2.922 2.478 2.172 2.458 2.8 2.109 2.627 2.833 2.627 2.72 2.982 3.036 3.196 3.643 3.098 3.342 4.017 3.432 
3.725 3.513 3.818 3.872 4.187 4.048 4.0 4.184 4.398 4.35 3.88 4.491 4.85 3.568 4.708 4.1 4.857 3.034 3.49 3.386 3.242 2.947 2.992 3.065 2.324 
1.897 1.869 1.663 1.396 1.615 1.526 1.615 1.515 2.013 2.185 2.233 3.205 2.989 3.093 3.733 3.404 2.449 2.554 2.463 2.442 1.851 2.03 2.19 2.121 2.569 
2.584 2.454 2.846 3.498 3.331 3.19 4.293 4.87 4.352 4.542 6.113 5.503 6.045 6.215 5.625 6.416 5.578 4.435 4.232 4.933 3.76 4.391 5.715 6.271 6.083 
5.402 5.32 5.052 6.808 6.304 5.909 4.306 3.988 4.099 4.163 4.444 4.857 4.643 6.416 5.206 5.11 5.098 4.302 5.361 5.873 5.513 4.809 5.249 5.177 4.666 
4.721 4.075 4.823 4.359 4.116 3.62 4.195 3.281 3.856 4.185 3.901 3.699 3.851 3.746 4.176 4.412 4.232 4.66 4.478 3.525 3.814 4.062 3.7 3.5 3.39 
3.705 3.463 3.844 3.037 3.32 2.634 2.558 2.688 2.039 1.927 2.327 2.054 2.034 1.848 2.136 2.27 3.012 2.973 3.753 4.167 4.013 4.421 4.447 4.639 4.105 
4.64 3.555 3.718 3.376 2.75 3.085 2.639 2.33 1.598 2.011 2.806 2.232 2.135 2.286 2.61 2.927 3.462 3.549 3.814 3.265 3.082 3.089 2.432 2.475 2.147 
2.306 2.252 1.821 2.32 2.954 2.6 3.097 3.777 3.221 4.193 4.39 4.243 4.614 4.875 4.621 4.951 4.578 4.039 3.376 3.184 3.541 3.595 3.382 3.461 3.202 
3.046 4.005 3.331 3.529 3.862 3.352 3.363 3.322 3.691 3.121 4.096 4.697 3.318 3.953 4.933 3.536 3.934 3.966 3.76 3.527 3.48 4.749 4.193 3.16 2.435 
2.641 2.733 1.7 1.899 2.056 2.942 2.164 2.75 3.518 2.187 3.132 3.382 3.75 3.49 4.137 4.278 3.993 3.887 3.935 3.766 4.11 4.621 3.773 3.101 2.754 
2.323 2.459 2.473 2.84 2.155 2.673 2.452 2.887 2.806 2.864 3.637 3.728 3.756 
server17_TS1	6.313 6.764 7.78 5.257 7.053 6.243 5.422 5.061 5.177 5.586 4.151 4.153 5.794 4.098 3.973 4.153 5.462 4.156 3.705 3.965 3.412 3.59 4.055 3.999 3.924 4.163 
3.6 3.986 4.036 4.718 5.348 5.041 3.726 5.394 5.682 6.447 4.926 4.532 7.183 5.691 5.831 5.646 4.667 5.06 5.405 5.391 5.302 3.984 5.126 4.626 3.468 
3.847 4.155 3.552 4.205 3.95 3.808 3.983 5.125 3.748 4.356 5.083 4.829 4.346 5.322 5.0 5.536 6.226 5.914 5.596 5.649 5.457 4.237 4.123 5.09 4.539 
5.315 6.281 7.282 6.214 5.541 5.401 5.147 5.412 4.935 4.318 4.91 3.83 4.337 4.361 4.636 6.043 4.877 4.91 5.272 5.035 3.949 4.193 3.829 3.93 4.242 
4.179 5.021 4.767 4.389 5.429 4.609 5.052 5.688 3.84 4.461 4.977 5.453 5.533 4.334 5.424 4.974 5.297 4.755 4.9 5.455 6.053 6.191 4.912 7.857 6.95 
7.089 7.526 7.307 6.995 5.109 5.126 5.529 4.894 4.109 4.483 4.824 3.757 4.816 6.526 4.393 4.448 4.374 3.953 4.354 4.535 4.294 4.578 7.136 6.0 4.101 
4.737 3.533 3.073 3.333 3.574 3.19 3.5 3.34 3.109 3.383 3.439 3.488 4.416 3.526 4.303 5.378 4.252 5.031 4.601 4.457 4.037 4.241 4.712 5.141 4.197 
4.705 5.657 5.342 5.185 7.046 7.104 5.55 6.246 6.863 5.649 4.937 4.574 4.714 4.451 4.728 7.199 5.524 4.76 5.61 5.137 5.188 5.6 4.642 4.294 4.555 
3.763 4.549 4.59 4.944 3.713 4.0 4.111 4.125 3.892 3.83 5.071 4.089 3.423 3.968 3.561 3.717 3.998 4.35 4.522 5.336 4.261 5.1 4.723 4.552 4.197 
4.58 4.609 6.443 6.641 4.819 4.757 5.163 5.019 6.113 4.662 5.227 4.486 6.333 4.722 4.084 4.465 4.853 5.266 5.506 4.847 6.048 5.409 4.126 3.731 4.545 
4.324 3.446 5.79 6.103 4.059 5.469 6.559 5.718 5.543 7.486 6.27 6.06 5.022 5.756 6.682 7.23 6.166 6.804 7.921 5.95 6.126 6.108 5.958 6.73 6.685 
5.561 6.428 5.227 5.929 7.009 6.891 7.216 6.474 6.654 5.862 6.222 7.44 9.268 8.256 6.491 7.093 8.061 6.277 6.871 8.078 7.961 6.107 5.836 7.489 9.767 
7.386 7.669 8.063 9.647 9.07 14.461 5.379 6.242 6.472 7.656 6.168 5.889 5.828 5.526 6.514 5.585 5.071 5.702 4.282 4.362 5.816 5.766 4.392 4.905 4.547 
4.537 3.435 5.248 5.331 4.112 4.536 3.842 4.067 4.437 3.481 3.343 3.876 3.224 3.573 3.639 3.494 5.23 4.343 4.779 4.685 4.4 5.472 4.879 5.061 5.315 
4.514 6.009 3.982 4.015 5.035 5.068 5.31 6.71 5.837 5.149 5.085 4.689 6.203 5.055 5.409 5.659 4.394 5.628 4.662 5.11 6.978 7.476 6.35 4.933 4.901 
6.235 4.434 6.1 4.168 4.913 6.433 5.153 4.141 3.956 4.188 5.236 4.346 5.038 6.262 5.463 6.593 6.035 4.837 5.826 4.783 6.233 5.494 5.942 5.124 9.511 
4.476 4.42 4.608 4.43 3.605 3.885 4.447 3.721 3.572 3.599 3.854 3.865 4.255 3.879 6.48 7.015 6.524 4.292 6.026 5.165 4.327 4.108 4.104 4.735 4.295 
5.342 5.152 5.795 5.453 4.946 4.973 4.556 4.401 4.697 6.22 6.322 6.46 5.769 6.071 5.391 5.582 6.026 4.449 5.588 5.243 5.125 4.912 4.425 3.777 3.715 
4.993 3.646 4.265 5.128 4.238 4.108 4.358 4.495 3.778 3.505 4.062 4.121 5.513 
server09_TS1	5.694 5.367 5.529 5.039 5.62 4.679 4.233 5.278 4.947 5.104 4.619 4.281 4.077 3.276 3.656 3.624 3.78 3.467 4.346 4.724 3.611 4.383 5.435 6.641 4.889 4.786 
4.665 5.099 4.744 4.801 5.066 6.377 6.123 5.515 5.422 5.04 4.569 4.195 3.835 3.382 3.648 4.374 4.138 4.13 4.502 4.699 4.629 4.521 4.718 5.226 4.551 
5.481 4.966 5.313 4.989 5.075 5.096 4.475 3.344 3.75 3.355 2.701 2.537 4.651 3.863 3.136 2.807 3.065 2.731 3.092 3.118 2.799 3.518 3.045 4.31 3.064 
3.981 3.573 5.139 4.86 5.819 3.332 2.754 2.492 3.349 2.522 3.292 4.335 3.389 3.512 4.108 3.906 3.079 3.545 3.756 4.101 3.421 3.586 4.787 4.37 4.825 
5.365 4.573 3.691 3.214 2.794 2.383 2.818 2.41 2.195 2.514 2.873 2.545 2.778 2.683 3.385 3.215 3.533 4.147 4.04 5.32 5.625 5.306 4.966 3.757 3.008 
3.148 3.973 3.561 4.979 5.774 4.534 6.622 3.89 4.63 4.982 4.256 3.848 3.082 2.653 2.686 2.27 2.42 2.474 2.502 2.505 3.087 2.748 3.724 3.497 3.68 
4.584 6.717 6.717 4.146 4.401 4.542 4.117 3.327 3.51 3.914 3.121 2.884 3.188 2.84 2.859 3.497 3.017 3.05 3.229 3.665 3.344 3.439 3.762 3.998 3.836 
4.656 4.893 6.551 5.425 4.858 5.316 4.515 4.554 4.016 2.93 3.37 2.731 2.75 2.888 2.895 3.051 3.369 4.073 4.159 3.914 6.112 5.367 4.217 4.859 3.651 
3.074 3.33 2.394 2.327 3.084 4.036 6.223 6.298 3.139 3.088 2.231 2.318 3.336 3.031 3.063 3.386 3.053 3.381 3.303 3.674 3.117 3.726 3.82 3.094 3.339 
3.194 4.094 3.986 4.449 4.064 5.326 4.607 6.5 4.743 4.751 5.228 4.461 4.351 4.359 3.898 4.904 3.14 3.641 4.608 3.909 3.872 3.396 3.451 2.984 2.741 
2.826 2.683 3.316 3.234 3.772 5.706 5.588 5.798 5.842 5.984 6.011 6.675 5.722 6.77 5.295 5.304 4.187 3.25 2.699 2.81 3.062 2.929 3.774 2.926 3.907 
3.572 3.672 2.888 3.529 3.284 3.503 2.57 2.523 2.616 2.303 2.355 2.33 2.391 2.775 2.536 2.446 2.613 2.846 3.151 3.337 3.267 2.204 2.471 1.966 1.778 
2.791 3.275 4.185 6.686 4.404 3.901 3.798 3.534 3.656 4.105 3.888 3.642 3.924 5.029 4.425 5.632 5.661 5.101 6.496 5.571 5.659 5.89 6.103 6.203 4.478 
5.258 5.993 6.044 6.527 6.954 9.19 8.537 10.031 8.749 14.972 8.02 9.105 8.515 6.322 7.153 7.257 15.291 8.908 9.991 11.203 14.681 8.111 8.142 11.788 8.199 
8.445 8.173 5.635 4.464 3.332 2.758 3.446 3.074 2.93 2.745 2.83 4.785 3.442 5.279 5.599 5.743 4.009 3.427 5.046 3.082 3.484 2.455 1.938 1.868 2.257 
2.586 2.391 2.901 2.861 3.952 5.771 2.92 3.62 3.717 3.108 3.804 4.018 5.684 4.877 4.376 3.943 4.054 3.794 3.396 3.713 3.457 4.71 4.223 4.397 3.895 
4.072 4.022 4.327 4.534 5.117 3.906 3.726 2.743 3.381 2.795 3.17 2.655 2.697 3.208 2.759 2.417 2.611 2.838 3.105 3.163 4.099 3.973 4.317 5.315 3.533 
3.672 1.987 1.859 2.118 2.561 2.621 3.404 3.603 2.816 4.6 3.734 3.838 4.058 4.919 5.066 5.061 3.559 3.297 2.645 3.367 3.529 3.779 3.205 3.475 2.849 
2.494 3.076 2.593 2.725 2.247 2.754 2.613 3.17 3.117 3.99 3.849 4.015 4.919 
server19_TS1	10.907 5.17 4.779 4.829 3.848 4.184 3.89 4.125 3.495 3.228 3.214 3.158 3.261 3.402 3.202 2.957 2.939 2.724 3.038 3.063 3.512 3.005 4.208 3.834 3.714 3.591 
3.727 3.921 5.182 5.108 4.922 4.065 4.987 3.981 4.495 4.66 4.761 5.086 5.939 5.455 4.505 4.602 4.246 4.315 4.552 3.514 3.997 3.721 3.471 3.909 3.338 
3.476 2.996 4.093 3.465 4.769 4.422 3.143 3.409 3.841 3.247 2.813 3.105 2.611 2.727 2.471 2.344 2.394 2.523 2.779 2.912 2.792 2.522 3.559 3.448 3.845 
4.156 5.858 5.775 6.105 5.875 5.618 6.437 5.51 5.619 4.896 5.334 5.649 5.221 3.629 3.327 3.531 3.004 3.137 3.2 2.882 2.804 2.823 2.937 3.228 3.646 
3.437 3.77 3.696 3.45 4.47 4.188 3.803 4.419 4.176 5.649 4.466 4.202 4.488 4.935 5.685 5.26 4.696 4.368 3.853 4.387 4.497 3.948 4.044 4.722 3.702 
3.294 3.03 3.208 2.748 3.362 3.437 4.08 3.213 3.689 4.112 3.814 3.519 3.103 2.908 3.017 3.292 2.656 2.573 2.357 2.6 2.469 2.124 2.352 2.127 2.417 
2.261 2.18 2.935 3.239 3.112 3.034 3.793 4.244 4.355 4.873 4.71 3.227 2.79 2.719 2.625 2.387 2.137 2.263 2.085 2.136 2.26 2.349 2.065 2.387 2.475 
2.921 2.847 4.195 4.868 4.189 3.94 3.629 4.859 3.625 3.561 3.181 3.152 2.607 2.808 2.758 2.788 2.268 2.486 2.626 2.569 2.378 2.551 2.852 3.162 2.721 
3.539 3.904 4.858 2.845 3.039 3.196 2.195 2.364 2.254 2.1 2.64 2.705 2.528 2.17 2.802 3.036 2.932 3.065 3.839 3.94 3.71 3.883 4.738 3.818 3.035 
3.225 2.782 2.614 2.725 3.032 2.769 2.474 3.249 3.85 3.19 3.279 3.8 3.663 4.092 4.237 3.041 2.89 2.933 2.538 2.676 2.224 2.303 2.386 2.574 2.754 
2.729 3.108 3.316 3.818 4.021 5.117 4.211 2.973 3.797 3.537 3.161 2.722 3.635 3.077 2.976 3.007 3.062 2.798 2.881 3.304 3.574 3.854 3.72 5.279 4.301 
4.412 4.894 3.282 3.318 3.311 3.054 2.49 2.451 2.482 2.752 2.578 2.489 3.019 2.63 2.236 2.843 2.786 3.175 3.914 3.286 4.34 3.97 4.126 3.905 4.407 
3.727 3.957 3.528 3.365 3.368 3.439 3.763 3.337 3.229 4.293 4.153 3.621 3.806 4.425 4.995 5.088 5.726 5.101 4.523 3.692 3.723 3.848 4.014 3.001 3.286 
3.089 2.773 3.372 2.853 3.295 2.874 2.983 3.41 2.925 2.96 2.675 2.697 2.525 2.655 3.101 2.738 3.351 4.36 3.118 3.95 4.042 4.183 3.793 4.634 5.767 
4.961 4.324 4.801 4.24 4.929 4.232 4.385 3.72 3.341 3.288 3.648 3.735 2.917 3.318 3.592 3.44 3.309 4.279 5.239 4.428 4.095 4.047 3.852 3.49 3.288 
3.171 3.65 3.389 3.676 3.604 3.241 3.737 3.968 3.933 4.928 5.825 4.306 6.335 5.506 6.851 7.669 5.712 5.334 5.886 4.733 3.803 4.016 4.077 4.221 3.935 
3.497 4.002 3.531 2.844 3.072 3.835 3.164 3.25 3.259 3.114 3.817 3.627 3.735 4.246 4.728 4.5 4.03 4.223 3.623 3.824 4.248 3.46 3.214 3.628 3.651 
3.184 2.716 3.035 3.176 2.959 3.28 3.199 3.223 4.252 4.123 5.772 5.259 6.139 5.55 6.189 7.296 5.828 7.005 6.078 5.352 5.355 5.887 3.485 2.909 2.615 
3.13 3.271 2.688 2.759 2.976 2.858 3.266 2.923 3.481 3.025 3.173 3.486 4.49 
server10_TS1	6.214 5.166 4.391 4.423 4.098 3.595 3.053 3.765 3.762 3.314 3.035 3.568 3.534 3.309 3.526 3.641 4.315 4.714 9.831 5.593 5.053 5.751 5.223 5.491 5.211 3.958 
4.584 4.082 3.719 4.841 4.969 5.005 4.52 5.058 5.607 5.802 4.795 5.427 4.898 4.629 5.656 5.757 6.597 6.111 6.529 3.898 4.026 4.16 3.198 4.444 4.751 
2.984 3.264 3.338 3.85 4.107 4.718 3.947 3.631 5.136 4.585 3.916 5.101 4.384 4.545 4.358 4.901 5.119 4.513 5.984 7.354 7.766 5.403 4.434 3.733 3.491 
4.105 5.022 3.504 3.173 3.182 3.521 3.047 2.492 2.662 2.149 2.442 2.975 2.586 3.005 2.458 2.451 3.353 2.618 2.998 2.613 3.068 2.321 2.314 2.387 2.355 
2.091 2.081 2.422 2.232 2.529 2.872 2.53 2.83 2.819 3.502 3.212 3.073 3.696 3.02 2.9 3.624 3.76 3.282 3.31 2.178 3.311 2.598 2.19 3.124 3.106 
2.918 2.697 3.703 3.284 3.274 3.623 3.956 3.726 3.582 4.21 5.295 4.382 4.965 3.543 2.948 3.044 2.473 2.709 2.081 2.137 2.369 1.872 2.173 1.94 2.491 
2.575 2.716 2.903 2.987 3.18 3.886 3.743 3.8 3.212 3.651 3.745 3.861 3.706 3.204 4.598 3.236 3.273 3.161 3.484 3.435 3.466 3.471 3.432 4.124 4.042 
4.708 4.903 4.872 4.516 3.604 3.516 3.265 3.224 2.361 3.082 2.788 2.311 2.602 2.513 3.324 2.318 2.358 2.386 3.221 3.457 2.961 3.332 4.933 5.483 5.337 
6.16 10.371 7.522 9.745 8.096 6.851 7.63 6.345 8.945 7.946 6.924 8.049 9.04 11.422 11.323 9.583 6.86 5.0 4.869 5.32 3.256 2.558 3.075 3.272 3.418 
4.211 3.95 4.046 3.125 3.579 3.788 3.667 3.566 4.14 3.917 3.517 3.373 3.975 3.175 3.092 3.35 2.662 2.406 2.38 2.771 2.599 2.693 2.624 2.609 2.792 
2.664 4.686 4.407 4.019 4.769 3.578 3.039 2.416 2.294 2.509 3.009 3.503 3.257 2.986 3.172 3.475 3.684 4.213 3.097 2.824 3.05 3.145 2.687 2.448 2.678 
2.339 3.161 2.667 2.627 2.916 3.051 2.743 3.21 4.197 4.029 3.376 3.964 3.977 3.193 3.986 5.146 4.482 4.546 3.642 3.664 3.333 2.959 2.486 2.871 2.813 
3.473 3.08 4.228 4.189 6.04 4.893 4.4 3.653 3.129 3.69 2.092 2.71 2.668 2.675 2.576 3.645 3.714 2.939 3.276 3.655 3.375 2.978 2.711 3.469 3.658 
4.388 4.059 4.923 5.377 6.636 5.219 4.487 5.756 4.745 3.666 4.497 2.771 3.206 3.684 3.583 3.616 3.115 3.161 3.599 3.645 4.356 3.783 2.993 3.036 3.727 
3.832 3.843 4.711 3.868 3.267 3.251 2.465 3.156 2.89 4.05 3.038 4.267 5.414 4.51 3.718 3.083 3.015 3.225 3.209 3.55 3.139 3.48 3.108 3.103 3.971 
3.46 3.523 3.423 4.35 3.512 3.914 4.159 3.996 4.787 5.425 5.806 6.123 5.153 5.998 5.465 4.746 4.31 4.151 4.211 4.144 3.565 4.376 4.8 4.947 5.05 
4.616 4.79 4.212 3.563 4.67 4.402 3.781 4.195 3.51 3.924 5.56 5.294 3.958 3.668 3.544 5.087 4.742 5.201 4.821 3.149 4.809 4.657 3.758 3.791 3.925 
3.098 2.438 2.311 2.805 2.756 2.318 3.225 3.667 5.172 4.306 5.473 4.285 4.118 4.529 4.024 4.985 4.862 3.584 3.603 3.417 4.102 4.558 5.198 5.07 5.484 
4.778 4.359 4.399 4.168 3.408 2.95 2.734 3.414 2.686 2.567 3.409 3.656 4.33 
server07_TS1	3.095 3.424 3.026 2.564 2.691 2.502 2.868 3.317 2.638 3.048 2.985 3.773 2.788 2.368 3.178 3.041 2.449 2.362 2.657 2.39 2.622 2.167 2.71 2.717 2.644 4.235 
3.269 4.096 4.605 3.138 3.111 4.155 3.881 4.378 4.816 4.399 5.06 5.573 4.834 4.279 4.57 3.779 3.369 3.205 3.241 2.946 3.023 2.761 2.667 3.189 2.716 
2.241 2.764 2.778 2.229 2.637 2.973 2.95 2.947 3.007 2.743 2.985 3.369 3.365 3.563 3.202 3.172 3.053 3.273 3.113 3.239 3.153 3.42 3.386 3.854 3.718 
3.675 3.255 3.887 3.694 4.301 4.511 3.383 3.752 3.111 3.449 3.486 2.862 2.784 2.6 3.092 2.71 2.976 2.931 4.415 4.117 3.258 3.099 2.852 3.397 2.855 
2.636 2.78 2.795 2.712 2.839 2.642 3.049 3.252 3.593 3.828 4.691 4.593 5.278 5.294 5.86 3.793 4.196 4.128 4.037 3.573 3.541 3.418 4.101 3.391 4.349 
3.401 4.496 4.554 4.775 4.404 5.191 5.193 3.825 4.135 4.227 3.437 3.565 2.896 2.833 2.978 2.575 2.482 3.002 2.446 2.124 2.47 2.927 2.419 2.553 2.174 
2.578 2.469 2.508 2.788 2.799 4.011 4.248 4.067 3.498 4.22 3.735 3.489 3.683 3.182 2.983 2.237 2.873 2.371 3.159 2.523 2.402 2.395 3.05 2.838 3.267 
3.29 3.597 3.694 3.972 4.267 4.746 4.502 4.021 3.771 3.619 3.321 3.636 3.448 3.11 3.115 3.263 3.092 3.122 3.013 2.371 2.792 3.128 3.76 3.109 3.594 
3.79 4.203 5.565 4.277 3.752 4.091 4.348 3.867 4.111 4.182 5.735 4.126 3.884 4.759 4.202 3.359 3.106 3.028 2.604 3.014 2.323 2.599 2.385 2.474 2.391 
2.582 2.455 2.924 2.415 2.851 2.943 3.172 2.908 3.391 3.423 4.183 3.364 3.446 3.43 3.688 3.602 3.232 3.109 3.255 2.871 3.044 2.641 3.11 2.718 2.708 
2.834 3.067 3.006 3.421 3.207 2.949 3.975 3.631 4.44 3.424 4.184 3.821 4.62 3.635 4.541 4.307 5.022 5.36 4.045 4.237 5.209 5.95 7.191 6.67 6.45 
6.542 9.458 7.904 7.129 5.268 5.154 4.138 4.963 3.999 4.095 5.203 4.491 4.222 4.743 5.838 4.459 4.806 4.1 5.855 5.46 4.089 3.999 4.383 5.773 4.349 
4.412 4.286 4.525 3.376 4.223 4.772 3.927 3.888 4.222 4.113 3.226 3.722 3.629 3.554 2.828 3.351 3.976 3.601 3.232 3.262 2.814 2.872 2.923 2.555 2.501 
3.761 3.592 3.432 3.951 3.148 3.07 2.631 2.698 2.832 2.548 2.428 2.654 2.038 2.292 2.858 2.61 2.881 2.79 3.591 3.331 4.442 3.684 3.892 4.658 4.71 
5.389 4.062 3.973 3.814 3.57 3.448 3.033 2.612 2.422 2.04 2.111 1.993 1.935 1.886 2.479 2.145 2.352 2.751 2.909 3.066 3.365 2.878 3.234 2.218 2.297 
1.958 2.282 2.802 1.922 2.371 2.669 2.626 2.897 2.771 4.399 3.714 3.445 3.718 4.505 3.974 3.733 2.919 3.072 3.338 3.09 2.779 2.727 3.25 3.415 3.575 
3.846 4.954 3.593 4.494 3.99 3.352 3.919 3.363 3.133 3.322 3.485 3.401 2.904 3.267 3.06 2.469 2.785 3.181 3.383 3.557 3.282 3.559 4.374 3.24 3.626 
3.304 3.373 2.995 3.273 2.945 2.828 2.635 4.282 3.566 5.124 5.575 4.8 5.225 5.759 5.907 4.762 4.579 4.259 4.446 3.285 4.248 3.673 3.418 3.651 3.33 
2.489 2.899 3.449 2.904 3.033 3.258 3.665 3.394 3.262 4.789 4.942 4.466 6.809 
server03_TS1	6.012 6.343 7.736 5.365 8.848 8.285 5.912 4.985 4.159 3.608 4.296 3.275 3.57 4.277 3.362 4.166 5.897 5.4 5.52 4.116 4.572 3.553 4.726 3.88 3.59 3.576 
3.743 3.164 4.46 4.498 5.186 4.4 3.587 4.881 4.845 4.223 5.173 4.482 4.494 4.864 4.234 5.033 3.712 4.468 4.544 4.481 4.231 3.925 4.905 3.709 3.337 
3.56 4.211 4.93 5.5 6.011 12.527 6.816 5.402 3.949 4.857 5.724 3.678 4.096 5.064 5.249 4.428 2.794 3.681 5.609 6.078 8.197 5.195 5.453 4.958 8.274 
6.236 5.977 3.637 4.07 3.83 3.88 3.626 4.374 6.434 6.337 6.329 7.986 8.43 7.832 6.897 6.414 7.474 7.569 7.2 6.235 3.772 3.254 2.813 4.191 3.647 
2.942 2.879 2.742 2.77 3.419 2.301 3.07 2.967 2.748 2.187 3.155 3.765 2.802 2.872 3.489 4.742 3.702 3.49 3.709 4.806 5.281 5.215 4.908 4.282 5.2 
4.944 5.748 4.488 4.159 4.428 3.594 4.594 4.533 6.858 6.002 8.776 5.561 6.692 7.595 7.68 7.599 6.726 11.722 7.063 6.138 4.906 5.848 6.603 5.677 3.909 
5.321 4.77 7.913 5.623 5.787 5.609 3.999 3.83 3.8 3.545 2.989 3.588 3.406 2.742 2.808 3.315 2.961 2.836 3.23 3.653 4.072 3.47 3.904 6.034 6.232 
6.034 6.429 5.252 8.772 9.706 6.841 8.228 6.593 9.24 9.028 8.31 10.314 6.41 9.498 7.101 7.629 8.621 6.605 4.942 5.344 6.745 4.717 6.484 4.786 3.424 
3.377 3.165 2.934 3.186 2.922 3.216 3.117 3.839 3.415 4.007 3.803 4.447 3.618 3.178 3.602 2.446 2.602 2.88 2.691 2.427 2.07 2.429 2.388 2.506 2.238 
2.532 2.732 3.062 3.251 3.17 3.242 3.634 4.248 5.113 4.284 4.405 3.57 3.959 4.035 4.083 4.178 4.31 4.375 3.467 3.156 3.937 3.035 2.943 3.407 3.51 
3.688 2.951 3.25 3.367 2.755 3.115 3.636 3.37 3.019 3.782 3.143 3.339 4.026 4.254 4.323 4.489 5.548 5.933 5.458 4.888 4.15 4.002 3.92 3.559 3.671 
4.64 3.689 3.32 3.284 4.294 4.076 3.565 3.668 4.179 4.586 4.784 5.103 7.209 5.791 5.64 4.685 6.56 4.394 3.33 3.495 3.34 3.862 4.273 3.693 5.16 
3.715 3.969 3.479 3.25 2.839 3.048 3.212 2.974 2.89 2.731 3.445 3.393 2.502 3.085 2.679 2.819 2.307 2.631 3.127 2.629 2.548 2.495 2.705 2.66 3.488 
3.312 3.388 3.6 5.108 4.487 3.89 4.012 4.425 4.937 6.399 5.551 5.843 5.743 5.963 7.365 6.208 7.058 5.659 21.359 9.691 7.911 9.589 7.72 8.111 7.935 
5.642 5.323 4.171 4.298 5.55 4.398 4.173 3.116 3.17 3.562 4.377 3.992 3.566 4.013 2.786 3.568 3.477 3.259 3.336 3.813 3.432 2.759 2.881 3.052 3.071 
2.889 2.965 3.048 3.376 3.683 3.574 4.079 4.326 5.081 3.935 5.175 4.601 3.775 4.002 3.581 3.754 4.167 3.758 3.419 4.477 3.096 3.548 3.123 3.761 2.672 
3.25 3.431 2.924 3.183 3.645 3.943 4.288 4.416 4.65 5.269 5.709 8.12 7.534 8.0 7.29 7.514 9.696 6.019 4.697 5.557 5.033 4.452 3.815 5.537 4.179 
4.52 3.908 3.684 4.178 3.889 4.944 4.216 3.674 4.108 4.192 5.792 4.612 4.865 4.95 5.535 5.29 5.309 4.987 4.399 4.475 4.281 3.103 3.397 4.959 4.553 
3.713 3.974 3.978 4.035 3.494 3.984 2.665 3.652 4.064 3.565 4.652 5.319 4.732 
server13_TS1	7.294 5.259 4.265 4.507 4.664 5.334 4.539 4.368 4.054 4.81 5.401 4.206 4.991 4.472 3.944 3.307 3.721 3.103 3.36 3.182 2.982 2.937 2.891 2.917 3.113 3.481 
3.299 2.881 3.262 3.846 3.996 4.418 4.082 4.118 4.089 3.437 4.575 3.783 3.488 4.124 4.088 3.416 3.585 3.78 3.837 3.406 3.657 3.442 3.248 3.508 3.45 
3.292 3.528 3.969 4.003 4.039 3.63 3.641 3.412 3.823 3.831 3.638 4.293 3.742 3.561 3.585 4.033 3.536 3.233 4.036 3.61 3.018 3.112 3.821 4.256 4.059 
3.403 3.93 3.516 4.292 4.06 3.847 4.582 4.531 7.218 5.535 5.99 5.488 4.979 5.06 4.58 4.553 3.856 4.017 3.723 4.129 3.485 3.754 4.626 3.904 3.673 
4.021 3.828 4.069 3.501 3.947 3.39 3.754 3.201 3.93 3.622 3.46 3.996 5.721 6.712 7.453 8.051 6.4 7.099 6.901 11.618 9.945 12.845 8.452 8.13 7.045 
11.323 10.132 7.56 6.575 5.933 4.245 3.884 3.687 3.869 3.747 3.964 3.376 3.606 3.164 3.084 3.309 3.199 2.995 3.14 2.916 3.254 3.107 3.863 3.833 3.745 
3.523 4.674 4.425 5.167 4.54 4.195 5.02 4.198 5.05 4.658 3.996 4.024 4.055 4.303 3.264 3.147 3.622 3.838 2.765 3.524 3.563 3.344 3.464 4.464 4.172 
3.882 4.936 5.519 4.926 5.664 5.707 5.407 5.039 4.886 4.272 4.534 4.439 4.029 4.131 3.511 3.946 4.179 4.337 3.656 3.162 3.872 3.415 3.532 2.768 3.248 
4.042 3.896 4.982 3.435 3.373 3.514 3.142 3.543 3.64 3.372 3.262 4.079 4.042 3.64 4.443 3.654 3.817 3.471 3.272 3.277 2.681 2.548 2.938 2.627 2.803 
3.55 2.909 2.985 2.939 3.222 3.125 3.541 3.838 3.999 4.215 3.726 3.202 3.108 4.197 4.864 3.702 4.16 3.653 3.848 3.981 3.779 4.221 4.185 4.038 3.612 
4.068 3.837 4.271 4.535 4.923 5.164 5.657 7.955 5.96 5.479 4.651 5.532 4.999 4.786 3.832 4.304 5.129 4.186 4.339 3.337 3.392 4.321 3.519 3.281 3.376 
3.401 3.091 3.849 3.84 3.133 4.403 4.483 5.349 3.873 4.045 3.926 3.97 3.825 3.572 3.948 3.524 2.895 3.252 3.21 3.159 3.049 3.108 3.051 2.791 2.943 
2.987 3.333 3.678 3.188 3.881 3.856 3.452 3.572 4.378 3.886 3.903 4.256 3.596 4.168 4.567 5.348 4.78 4.626 3.77 3.924 3.639 3.965 2.665 4.097 3.353 
3.408 3.126 3.851 3.6 3.543 3.523 3.391 3.049 3.308 2.819 2.625 2.68 3.075 2.938 3.203 3.738 3.404 3.75 4.199 5.227 5.806 5.82 8.461 8.763 5.73 
7.416 6.369 5.767 5.138 5.108 3.635 4.94 4.053 3.828 3.154 3.483 3.493 3.231 3.116 2.77 3.143 3.22 2.912 3.388 3.453 3.226 3.166 2.777 3.204 3.282 
2.769 2.802 2.924 3.639 2.773 3.499 3.293 4.003 3.74 4.182 3.954 4.702 6.72 5.271 4.968 6.633 6.659 5.422 6.332 6.566 5.703 5.95 4.876 6.418 5.768 
5.848 4.56 3.757 3.515 4.298 3.542 3.008 4.163 3.661 3.893 3.519 4.141 4.111 3.522 4.299 4.105 4.339 4.42 4.842 4.329 4.402 3.661 4.332 3.555 3.387 
3.275 3.475 3.205 3.939 2.994 3.015 3.547 3.134 3.638 3.374 3.66 3.965 6.151 5.485 3.89 3.972 3.238 4.229 3.481 3.458 3.524 3.861 3.207 3.092 3.572 
3.826 3.537 3.866 4.41 3.756 3.522 4.233 4.531 4.212 4.264 5.605 5.313 7.052 
server20_TS1	8.612 10.148 5.086 5.838 4.26 6.27 5.052 4.678 6.35 7.343 5.503 6.293 5.646 5.242 4.272 4.25 3.65 3.642 3.062 3.777 3.392 3.29 3.357 3.367 4.403 4.284 
4.326 4.717 4.73 4.102 3.685 3.845 3.166 2.994 3.36 3.909 3.417 3.488 3.133 3.089 3.31 2.82 4.077 3.643 4.357 3.515 3.43 3.117 3.473 2.694 2.631 
3.483 3.127 2.526 3.681 3.471 3.346 3.633 4.077 4.522 4.125 4.36 3.32 2.688 2.477 2.617 2.153 1.965 2.444 2.64 2.659 1.739 2.346 2.515 2.581 2.604 
3.249 4.535 3.924 5.413 4.69 5.019 5.094 3.86 3.643 3.508 3.264 3.07 2.682 2.306 2.527 2.88 2.382 2.688 2.09 2.518 3.525 2.631 2.878 2.709 2.506 
3.178 2.846 2.686 2.905 2.857 2.676 2.868 4.217 4.4 3.734 4.428 4.502 6.472 5.214 7.659 4.375 7.077 4.271 6.793 5.765 4.91 4.807 4.58 3.722 4.441 
4.826 4.831 3.754 5.606 3.301 3.98 3.06 2.908 3.134 3.314 2.688 2.834 2.877 2.425 2.098 2.511 2.093 2.261 2.419 2.219 2.123 1.686 2.247 2.101 2.633 
1.86 2.686 2.852 2.832 2.179 2.304 2.518 3.245 4.403 3.886 3.305 3.388 3.07 2.459 2.846 2.534 2.414 2.804 2.669 2.572 3.067 2.717 2.505 2.617 2.765 
2.778 2.536 3.263 4.172 4.535 5.572 4.532 5.198 4.692 3.879 4.182 3.879 3.36 3.065 3.029 3.063 2.4 2.795 2.418 2.281 1.661 2.72 3.145 3.158 4.919 
3.945 3.594 2.668 2.609 2.005 1.881 2.346 2.421 2.272 2.994 2.794 2.757 2.879 4.205 4.111 3.809 4.029 3.444 2.812 3.373 3.043 3.466 2.84 2.562 2.231 
2.774 2.658 2.281 2.036 2.321 2.417 2.79 3.23 4.152 4.104 3.27 4.06 4.544 3.681 3.073 2.314 2.437 2.25 2.66 1.735 1.824 2.328 2.59 2.225 2.069 
3.363 2.779 3.571 2.795 2.839 3.202 3.449 2.769 3.181 3.996 4.455 6.361 7.486 8.308 12.871 11.483 12.383 13.887 9.32 8.653 8.059 8.657 9.574 11.908 7.393 
6.461 7.246 6.983 7.434 8.465 29.213 40.649 8.95 8.17 6.948 7.027 7.286 10.019 6.203 6.988 5.917 5.468 4.165 2.95 2.588 3.097 3.002 2.477 2.364 3.345 
3.857 3.174 3.072 3.24 3.932 3.741 3.282 3.412 3.57 3.995 3.919 3.993 4.935 4.815 5.261 5.715 6.013 3.92 3.707 2.926 2.938 2.607 2.515 2.662 2.479 
2.308 3.373 3.179 4.485 4.431 4.229 3.125 2.72 2.221 1.881 2.29 2.11 2.169 2.145 2.876 2.856 3.056 2.196 3.055 2.483 2.813 2.42 3.6 3.818 3.545 
5.104 4.494 3.871 3.676 3.911 3.089 2.981 2.881 2.29 2.214 2.008 2.57 1.838 2.46 2.65 1.99 2.304 2.959 3.056 6.034 4.364 4.5 3.825 2.981 2.884 
2.631 2.759 2.468 2.592 2.255 2.029 1.732 2.406 2.274 3.262 3.396 3.744 3.682 4.021 4.368 4.411 3.766 2.586 2.589 2.598 2.822 2.996 3.18 2.71 3.344 
3.479 4.552 4.039 4.653 4.906 3.611 4.56 3.986 3.406 2.938 3.825 3.369 3.957 3.501 3.98 4.595 4.532 7.162 6.192 4.668 3.429 3.395 3.282 2.815 2.546 
2.551 2.24 2.826 2.575 2.673 3.48 3.584 3.399 4.433 4.772 6.475 7.875 7.354 7.241 14.347 8.005 7.317 5.938 4.802 5.736 3.559 4.547 3.32 2.815 2.895 
2.688 2.8 2.532 2.626 2.922 2.74 2.634 4.161 2.838 3.726 4.798 3.376 5.872 
server12_TS1	5.014 4.162 3.816 4.127 5.429 5.656 4.97 6.161 5.941 4.039 4.047 3.649 3.963 3.792 3.119 3.178 3.323 3.634 3.411 3.755 4.362 4.204 4.41 4.36 5.052 4.654 
5.577 5.096 6.324 6.63 5.336 5.27 5.953 6.133 6.14 4.845 5.592 6.54 5.832 5.055 5.139 4.398 4.513 3.635 4.759 4.009 4.035 4.377 3.556 3.593 3.284 
2.813 3.489 3.108 3.787 3.375 3.383 3.965 3.012 3.157 3.649 3.478 3.201 3.32 3.188 3.455 3.088 3.31 4.205 3.943 3.772 4.389 3.637 4.358 6.333 7.422 
7.795 6.94 8.35 6.998 6.865 6.35 9.364 14.04 6.298 4.951 5.093 5.516 4.566 4.12 4.73 4.215 4.418 4.717 5.446 4.443 5.094 3.935 3.17 3.685 2.912 
2.98 3.378 3.413 3.633 3.371 3.965 3.722 4.142 3.316 4.142 4.344 5.101 5.683 5.767 4.602 5.204 4.919 5.026 6.197 6.052 6.075 5.381 5.566 4.401 5.559 
6.066 5.161 6.074 6.744 4.468 6.064 4.753 4.677 4.752 4.8 4.464 4.665 3.944 3.432 4.072 3.994 3.743 4.338 4.283 4.261 4.274 4.611 5.437 4.799 4.906 
4.405 3.694 3.439 3.406 3.854 3.215 3.943 2.854 3.808 3.277 3.385 3.007 3.312 3.115 3.543 3.919 3.421 4.078 5.38 3.954 3.91 3.601 4.466 3.913 3.763 
4.734 5.397 5.462 5.852 6.531 7.694 6.104 5.519 5.49 4.672 4.852 4.598 4.668 4.413 3.822 4.939 5.159 4.644 4.744 5.406 4.757 5.195 5.544 4.546 5.403 
4.967 5.612 6.561 5.388 4.785 6.06 5.093 4.092 4.377 4.242 3.927 3.535 4.271 4.193 3.452 4.315 3.748 3.796 4.334 3.957 3.45 4.042 3.26 3.737 3.262 
3.356 3.377 3.983 3.411 3.634 4.25 3.2 3.293 3.578 4.505 5.407 5.276 6.212 6.411 6.115 4.372 7.188 5.293 5.062 4.016 3.557 4.415 3.076 3.666 3.574 
3.931 3.147 3.837 3.294 3.715 4.139 5.096 6.557 10.421 7.025 11.794 6.801 6.168 5.62 5.372 4.861 7.998 6.801 5.33 6.047 5.589 3.869 5.886 6.887 7.588 
6.215 6.096 5.885 4.812 5.587 4.078 4.151 3.627 3.814 3.804 3.847 4.775 3.974 4.243 4.767 3.545 5.351 6.844 5.183 6.146 6.285 5.355 5.066 4.089 4.696 
4.197 3.99 4.104 3.627 3.548 2.788 3.68 3.607 3.157 3.87 3.407 3.299 3.532 3.352 3.345 4.304 4.21 4.651 3.34 3.802 3.977 3.276 3.334 3.782 3.397 
4.237 3.649 3.957 3.979 4.188 3.803 5.211 3.132 4.018 3.494 3.348 3.546 3.347 3.274 3.605 3.685 3.487 4.024 2.975 3.365 3.217 3.672 5.085 3.89 4.662 
3.773 5.134 5.914 4.703 6.667 3.781 3.454 3.782 3.963 3.293 3.687 3.815 4.781 3.329 2.702 3.114 3.282 3.217 3.583 5.928 6.078 5.088 4.684 6.244 5.181 
5.816 6.008 5.593 5.781 6.904 5.85 4.787 8.664 7.469 7.241 7.119 8.479 7.007 6.546 8.871 9.981 7.862 9.042 4.684 4.968 3.995 4.015 4.348 3.873 4.127 
4.725 4.365 4.024 4.182 3.998 3.833 3.815 3.822 4.644 4.685 4.847 5.647 6.445 8.022 9.306 6.894 6.495 8.499 11.615 5.904 6.322 6.083 5.167 4.632 4.191 
5.725 4.372 3.954 4.376 5.295 4.743 3.884 4.657 4.794 4.019 4.768 7.613 8.062 5.982 6.079 7.03 6.502 4.731 6.704 5.92 5.913 10.776 6.703 5.279 3.858 
3.938 3.582 3.456 3.336 3.077 2.964 3.49 3.721 3.625 3.45 3.367 4.468 3.799 
server11_TS1	7.084 4.639 5.229 4.528 5.258 4.681 3.516 4.666 6.454 5.614 4.224 4.501 3.773 4.408 3.828 4.307 3.559 4.392 4.001 4.187 4.147 3.789 4.325 3.971 4.035 3.807 
4.268 4.427 4.308 5.08 5.434 5.2 4.934 5.241 5.01 4.206 4.06 3.584 4.337 3.989 3.477 3.43 3.903 4.138 3.396 3.524 3.849 2.94 3.122 3.284 2.568 
3.159 2.938 3.02 3.474 3.979 3.509 4.758 5.564 5.319 5.733 5.704 5.106 4.785 4.755 4.844 4.012 3.45 3.567 3.366 3.433 3.488 3.486 3.722 3.178 3.806 
4.193 3.398 3.278 3.909 3.547 5.619 4.176 4.0 5.078 4.51 4.685 3.364 3.475 3.679 3.375 3.077 3.654 3.285 3.153 4.558 3.958 4.245 3.748 4.109 3.684 
4.167 3.345 3.343 3.501 3.985 4.478 5.303 5.394 4.794 4.359 4.623 3.522 3.838 3.975 3.69 3.68 3.169 3.65 3.566 3.391 4.484 5.66 4.707 6.566 7.961 
11.711 10.265 10.723 7.567 7.506 7.304 5.256 5.304 4.308 4.585 4.067 3.518 4.452 3.896 3.858 3.404 3.15 2.978 2.917 3.024 2.834 2.978 3.041 3.334 3.467 
2.799 3.112 3.488 3.758 3.392 4.157 4.051 3.238 4.466 4.55 5.078 4.21 3.659 3.334 3.35 3.561 3.079 3.135 2.939 3.336 3.07 3.36 3.996 4.07 4.29 
4.385 6.226 4.823 4.726 4.319 4.866 4.916 6.146 5.048 4.792 4.621 4.062 4.611 4.007 3.477 3.605 3.726 3.65 3.249 3.486 4.683 4.017 6.158 9.317 6.301 
8.065 6.553 8.532 8.257 7.239 6.703 6.336 6.246 8.13 6.374 5.915 6.794 7.203 6.072 4.987 5.769 6.757 6.303 5.89 5.855 7.77 9.668 7.718 4.549 4.074 
5.041 4.094 3.772 3.789 3.852 2.916 3.195 4.025 3.469 3.589 4.458 4.099 3.741 3.865 4.355 4.857 4.962 4.784 6.139 4.886 4.312 4.416 4.615 4.197 3.603 
3.235 4.899 4.225 5.005 4.859 6.818 5.179 6.587 6.316 4.164 5.412 5.134 5.811 4.974 4.574 4.803 4.396 4.567 5.63 5.791 5.152 5.362 5.011 6.512 7.729 
6.752 5.725 5.388 6.443 5.55 4.299 4.858 4.159 3.569 2.89 2.634 2.526 2.821 2.691 3.01 3.498 3.27 4.315 5.342 7.922 8.402 10.549 7.278 8.672 7.192 
7.63 5.596 5.675 4.624 4.915 4.13 4.558 3.892 4.192 4.659 7.424 4.572 5.262 5.249 4.919 5.344 5.488 4.839 3.829 3.901 3.849 4.433 3.565 4.019 5.098 
4.171 4.823 3.527 3.627 3.343 3.34 3.692 3.664 3.252 3.503 3.673 5.494 7.988 8.011 7.98 8.64 6.809 7.068 7.568 8.118 5.489 5.63 4.588 4.621 3.953 
3.815 3.602 4.21 4.88 6.336 6.729 7.91 8.603 7.356 7.16 9.841 7.054 6.867 4.625 4.451 4.524 3.774 3.675 3.587 3.482 3.544 3.398 3.016 3.502 2.829 
3.277 3.298 4.189 4.047 4.163 5.529 4.883 5.098 6.033 4.397 4.009 5.603 6.051 5.49 4.969 4.857 5.153 3.8 4.04 3.352 3.59 3.203 2.889 2.766 2.804 
2.981 3.414 3.072 3.421 3.323 2.921 3.251 3.02 2.561 2.737 2.693 2.465 2.901 2.632 2.995 3.534 2.922 3.201 3.528 3.898 4.44 3.217 3.192 3.146 2.874 
3.606 2.885 2.968 3.101 2.838 2.436 3.261 3.322 2.959 3.338 3.076 2.669 3.561 2.895 3.268 3.477 3.449 4.537 5.05 7.805 7.255 6.526 5.193 4.544 3.894 
3.769 3.048 3.44 3.019 3.3 2.933 2.748 2.964 2.189 2.56 2.841 3.467 4.221 
server05_TS1	4.437 3.654 3.084 3.335 3.753 3.717 3.224 3.197 3.736 3.223 4.444 4.122 3.293 3.048 3.622 3.278 2.967 3.329 2.887 2.832 3.233 3.509 3.429 3.359 3.159 3.21 
3.786 4.893 4.401 4.309 4.639 4.276 4.155 4.369 3.887 4.411 4.895 4.854 4.768 4.411 4.101 3.675 3.517 3.406 2.994 2.73 2.174 2.882 2.872 3.068 2.555 
2.369 2.475 3.284 3.33 3.433 4.524 3.824 4.507 3.661 3.772 4.635 3.404 3.245 3.189 2.919 3.013 2.932 3.649 2.779 2.991 3.319 2.734 3.147 3.846 3.164 
3.169 2.966 3.639 3.876 4.725 4.075 3.802 3.845 2.688 3.18 3.307 2.906 2.873 3.346 2.963 3.359 3.15 3.547 3.852 3.633 3.43 4.017 4.494 3.939 3.8 
3.48 3.699 3.65 3.138 3.876 3.388 3.341 3.33 3.56 3.69 3.31 3.342 4.128 3.266 3.261 3.238 3.729 3.691 4.718 3.881 5.02 3.721 4.505 4.087 3.658 
3.644 4.022 4.256 4.749 3.563 4.451 6.288 4.167 4.374 4.853 4.113 3.624 2.852 3.295 2.931 2.847 2.497 2.66 2.553 2.256 2.34 2.037 2.485 2.285 2.577 
2.621 2.619 3.001 3.038 3.993 4.151 3.427 3.432 4.141 2.859 2.907 2.562 2.526 2.364 2.286 1.902 1.91 2.111 1.945 1.989 2.083 2.142 2.239 2.445 2.815 
2.944 3.254 3.701 4.006 3.403 3.886 4.019 3.32 3.063 2.991 2.88 2.514 2.219 2.566 2.312 2.488 1.938 2.348 2.456 3.088 2.895 3.089 3.945 3.532 3.555 
3.653 3.828 4.188 3.624 2.916 2.927 2.967 3.45 2.813 2.92 2.993 2.916 3.016 3.431 3.201 2.792 2.971 2.407 2.154 1.721 1.71 1.857 2.073 1.889 1.898 
1.795 2.37 2.21 2.186 2.47 2.797 2.951 3.427 3.671 3.542 3.867 3.191 3.582 3.038 3.175 2.756 2.454 2.725 2.358 2.391 2.515 2.056 2.193 2.253 2.278 
2.264 2.487 2.693 3.268 2.754 3.012 3.211 3.694 3.69 4.294 5.118 4.153 4.289 4.453 4.529 4.064 3.695 4.233 3.631 3.985 4.32 6.189 3.54 4.871 4.54 
5.983 5.221 4.688 3.566 2.99 3.265 3.048 2.742 2.192 2.558 2.463 2.153 2.445 2.333 3.019 2.79 2.915 3.245 3.809 3.191 4.325 4.927 3.143 2.403 2.857 
2.086 2.68 2.526 2.315 2.408 2.386 2.43 2.365 2.675 3.325 4.024 3.273 3.659 3.515 4.868 4.024 4.682 3.87 4.03 3.486 3.859 3.998 2.816 3.247 4.186 
3.126 3.016 4.369 4.084 3.402 2.663 3.413 3.393 3.973 4.334 3.879 4.433 4.757 4.54 5.497 3.86 4.435 5.058 4.161 4.461 4.297 5.146 5.828 5.311 5.655 
3.627 3.915 3.111 3.047 3.782 3.143 1.87 2.904 3.028 2.552 2.79 2.689 2.581 2.506 2.521 2.612 2.514 2.908 2.756 2.942 3.188 2.718 3.405 2.412 2.36 
2.606 2.333 2.525 2.731 2.446 3.274 3.359 3.297 3.097 3.828 4.792 4.48 5.377 6.068 4.99 4.853 4.82 5.566 5.195 5.259 5.747 5.599 3.861 3.853 3.208 
3.174 3.011 2.938 2.892 2.21 2.498 2.704 2.877 2.78 2.706 2.963 3.543 3.281 3.457 4.514 3.896 3.384 3.884 3.854 5.222 4.44 3.897 4.549 4.247 4.324 
3.003 3.614 3.43 3.241 2.698 3.327 2.99 3.187 3.297 3.634 3.369 3.198 3.294 4.369 3.692 5.166 3.623 4.393 5.238 6.144 5.24 5.154 5.028 4.117 3.671 
3.757 2.899 3.224 2.911 2.825 3.156 3.096 2.895 2.85 3.15 4.279 4.53 5.929 
server15_TS1	6.283 6.169 6.317 5.778 6.18 6.134 4.934 4.705 5.433 4.329 4.402 4.288 4.069 3.754 4.235 4.49 4.168 4.978 5.762 4.894 5.128 4.907 5.081 5.093 5.906 5.53 
4.203 4.875 5.079 5.018 4.367 4.762 3.812 4.518 4.048 4.087 3.894 4.81 6.581 6.392 3.771 3.689 4.466 3.769 3.588 3.544 3.172 3.32 3.047 2.919 3.18 
3.207 2.695 3.106 3.112 2.772 2.504 2.551 2.705 2.635 2.792 2.592 2.77 3.285 2.841 3.784 3.315 3.6 3.859 3.9 3.77 4.066 3.868 3.828 4.206 5.012 
6.25 5.182 5.366 6.344 4.556 4.401 4.765 4.111 4.812 4.658 4.182 3.638 4.043 3.769 3.569 3.877 3.856 3.751 4.158 3.842 4.902 3.761 3.65 3.249 3.466 
2.808 2.473 2.722 2.163 2.464 2.296 2.671 4.06 3.496 4.284 3.048 5.214 6.026 5.005 4.931 4.871 5.73 5.422 8.18 7.748 6.178 5.275 6.005 5.092 4.591 
5.798 5.149 3.947 3.83 4.497 4.386 4.471 3.483 3.349 3.014 3.579 2.898 2.266 2.487 2.561 2.048 1.852 1.954 1.795 1.766 2.017 2.006 2.164 1.983 2.348 
2.484 2.577 3.299 3.415 3.101 2.761 3.602 4.319 4.26 3.996 4.259 4.375 3.542 3.886 3.674 2.478 3.374 2.737 3.051 2.851 3.443 3.09 2.941 3.572 3.5 
3.879 4.723 4.841 5.947 5.961 5.859 4.154 3.956 3.014 2.927 1.802 2.545 2.287 1.883 1.497 2.191 2.02 1.992 2.339 3.121 2.912 3.119 4.069 3.566 3.317 
3.972 4.279 4.265 3.53 2.942 3.211 2.862 2.351 1.929 4.19 3.005 3.156 3.926 3.487 4.331 4.657 4.652 3.71 3.276 3.896 3.186 2.995 2.841 2.886 2.947 
2.74 2.818 2.653 2.899 3.007 3.454 3.339 3.561 5.438 5.624 4.819 5.63 4.393 5.865 5.99 5.156 5.632 4.293 4.002 3.687 3.088 3.536 2.744 2.374 2.499 
2.627 2.662 2.464 2.892 2.802 2.975 2.893 2.813 3.605 3.9 4.001 3.418 4.044 4.306 4.463 3.379 4.854 5.127 4.164 4.482 6.297 5.347 6.655 5.233 5.528 
4.765 5.789 5.424 5.207 5.711 3.617 3.016 2.892 2.846 2.494 2.537 2.648 2.001 3.181 3.212 3.06 3.591 3.268 3.745 3.692 2.884 2.591 2.449 3.843 3.96 
2.702 3.203 3.611 4.171 5.065 4.311 4.429 4.814 5.68 4.191 5.979 4.334 5.129 4.014 3.999 3.556 4.21 4.143 4.068 3.525 2.73 3.833 3.631 4.464 3.726 
3.448 4.552 4.601 4.322 4.114 3.478 3.585 3.459 3.367 2.636 2.387 1.851 2.093 2.136 2.355 2.775 2.49 3.173 2.93 3.903 4.17 3.548 5.525 4.925 6.026 
4.535 4.099 4.755 4.073 3.345 3.961 3.444 2.956 3.251 2.842 2.782 2.245 2.023 2.517 2.357 2.965 3.085 3.068 3.713 3.875 3.709 4.143 3.55 2.835 2.39 
2.166 3.349 2.497 2.5 3.678 3.121 4.791 7.055 6.594 5.64 5.9 5.563 5.04 6.442 5.559 6.025 4.787 3.652 3.414 2.973 3.789 3.143 3.226 4.434 4.288 
3.654 4.108 4.074 4.307 4.438 4.235 3.762 3.262 3.783 4.208 3.52 4.008 3.897 3.577 4.075 4.883 3.908 4.807 4.875 5.654 4.711 4.031 4.343 3.46 3.566 
3.229 3.129 3.155 2.984 3.065 3.832 2.946 3.267 3.927 4.041 4.96 4.27 4.791 5.115 6.746 9.399 6.789 6.868 5.537 5.06 4.84 5.363 4.714 4.166 3.857 
3.157 3.487 2.639 3.017 2.682 2.765 3.383 2.58 3.008 3.524 4.057 4.646 6.605 
server01_TS1	6.436 6.299 5.83 5.04 4.677 5.299 5.194 4.004 4.127 3.532 3.478 3.735 3.369 3.209 3.547 3.228 2.901 2.995 3.764 4.013 3.496 3.809 3.976 4.071 4.331 4.056 
5.406 5.636 4.218 4.546 4.231 4.358 3.863 3.985 4.439 4.143 4.728 4.506 4.12 4.308 4.089 3.319 3.274 3.258 3.436 3.466 3.478 3.187 3.441 3.374 3.136 
4.154 3.742 3.781 3.59 4.338 3.262 3.907 3.037 2.953 2.675 3.091 2.865 2.398 3.098 4.003 3.846 4.136 4.721 5.204 4.472 4.469 4.343 3.992 4.955 5.249 
4.557 4.293 5.542 4.39 4.503 5.838 7.225 1095.44 9.333 6.578 6.408 6.505 5.49 6.877 6.178 6.258 5.884 6.198 5.799 4.697 4.217 3.64 3.461 3.185 3.43 
3.483 3.086 4.631 3.202 2.599 3.236 3.142 3.53 3.747 3.637 4.327 3.37 3.289 3.416 3.068 3.815 3.013 3.992 3.816 3.792 5.518 3.948 4.128 4.223 4.309 
5.75 6.098 5.134 6.029 6.408 5.029 6.622 4.848 3.653 4.026 4.32 3.465 3.296 3.299 3.859 3.82 4.752 4.908 5.033 5.01 5.202 4.922 5.034 4.677 5.265 
4.618 3.834 4.028 4.385 4.031 3.533 7.013 7.415 6.036 3.612 3.589 3.934 4.522 2.959 4.448 3.787 3.03 2.925 4.782 4.163 3.27 3.483 4.111 4.346 4.228 
3.918 3.968 4.189 4.096 4.701 4.291 5.41 4.139 4.309 3.398 3.082 4.27 4.632 3.872 3.413 3.707 4.67 3.832 3.062 3.558 3.898 3.298 3.255 2.878 3.698 
3.95 5.352 5.486 3.504 4.961 4.699 3.305 3.742 4.025 3.281 3.209 4.445 4.406 5.471 5.693 4.609 5.035 4.368 4.899 5.752 4.782 3.792 3.898 4.377 3.353 
3.242 3.075 4.145 2.959 2.891 4.22 4.433 6.35 5.21 3.807 4.812 5.173 6.036 4.639 7.149 7.918 5.916 5.501 4.421 4.682 4.056 3.121 2.423 2.956 3.064 
3.457 4.337 4.41 4.211 5.381 5.689 5.916 7.606 4.614 4.456 3.253 3.944 4.058 4.637 4.021 5.234 4.621 4.212 5.0 5.116 5.265 5.618 5.158 5.675 5.448 
4.227 4.384 4.919 4.333 3.818 4.171 4.117 4.936 3.888 3.045 3.744 4.229 3.889 4.573 4.299 4.909 4.209 3.793 4.196 3.919 4.026 4.428 4.047 4.439 5.058 
4.309 4.38 4.773 4.826 4.399 4.511 5.244 5.197 4.172 4.317 4.417 4.22 4.05 3.909 4.16 3.954 3.349 3.862 4.52 3.225 3.34 4.969 4.501 3.98 4.341 
4.335 4.321 6.628 5.279 5.424 7.219 15.045 18.273 8.669 6.755 6.103 5.834 5.866 5.549 5.22 5.141 5.906 6.83 8.541 8.733 8.396 6.615 6.657 7.892 7.681 
7.412 9.544 6.795 6.039 5.586 5.13 4.767 4.603 5.12 4.897 6.456 6.642 8.253 6.392 6.96 6.299 7.765 6.881 9.596 9.19 6.481 7.262 5.339 4.122 4.348 
4.269 3.941 3.434 4.141 3.984 2.915 3.754 5.597 4.792 3.963 4.466 3.529 3.686 3.652 3.318 4.021 3.681 3.881 4.045 3.645 3.674 3.848 3.798 4.35 4.597 
5.148 4.163 3.303 3.698 3.089 2.624 3.241 2.9 2.622 3.228 3.525 4.403 3.758 4.148 3.975 3.405 3.5 5.332 5.131 4.368 4.197 3.543 4.564 4.27 3.409 
5.764 6.645 7.089 7.417 10.63 7.914 8.333 5.944 5.904 4.689 4.842 4.184 4.225 4.786 5.267 4.564 4.82 4.979 6.101 4.959 5.667 3.524 4.045 3.229 2.584 
2.776 2.948 2.52 2.901 2.972 3.713 4.194 4.13 4.494 4.762 4.901 4.311 4.038 
server06_TS1	5.016 4.511 3.699 3.982 3.661 2.842 3.46 3.115 2.97 3.276 3.554 3.455 3.258 4.282 4.105 3.609 4.593 3.023 3.242 3.69 2.723 2.873 2.136 3.743 2.835 3.393 
2.674 2.969 3.623 3.511 3.788 3.658 3.412 3.317 2.99 3.147 3.208 3.37 3.826 3.254 3.195 3.248 2.795 3.101 3.169 2.972 2.347 2.658 3.383 2.697 2.738 
3.267 2.641 2.766 2.909 2.489 2.572 3.124 3.132 4.239 3.432 3.342 3.197 2.77 2.474 2.189 2.929 2.356 1.993 2.825 2.512 2.401 2.403 3.074 2.646 3.135 
3.673 3.868 4.762 4.865 3.841 3.275 2.177 1.741 2.249 1.818 1.824 1.871 2.699 2.597 2.725 2.69 3.047 3.353 3.868 5.005 3.235 3.471 3.359 3.34 2.879 
2.589 2.632 2.311 2.034 2.39 2.65 2.544 2.779 2.933 3.408 3.152 2.959 3.541 4.045 3.782 4.138 3.997 3.51 3.681 2.699 2.724 3.553 3.636 3.785 4.419 
4.567 6.094 5.87 6.522 5.472 5.092 4.282 4.659 4.115 4.019 3.673 2.548 2.845 2.361 2.193 1.918 2.236 2.004 1.855 1.867 2.136 1.895 2.045 2.68 2.579 
2.136 2.745 2.739 2.787 2.674 2.697 2.869 3.116 2.436 2.553 2.573 2.551 2.121 2.35 2.289 2.244 2.112 1.605 1.981 1.658 1.816 1.854 1.796 1.881 1.992 
1.77 2.672 2.423 2.65 2.77 2.806 2.605 3.347 3.308 3.925 3.598 3.021 2.762 2.479 2.346 2.041 2.007 1.879 1.765 1.32 1.948 1.34 1.639 1.564 1.929 
1.407 1.623 1.692 1.274 1.393 1.815 1.629 2.187 2.424 2.813 2.624 3.188 3.356 3.222 3.375 2.959 3.647 2.514 2.3 2.354 2.307 2.111 2.117 2.19 1.771 
1.925 1.72 2.015 2.126 2.365 2.621 2.639 2.623 3.75 2.883 2.212 3.182 3.541 4.629 3.512 3.667 3.002 3.433 2.938 2.845 2.71 2.373 2.538 2.278 2.265 
1.905 2.036 2.449 2.165 1.781 2.692 2.83 1.722 2.508 2.631 2.408 3.289 3.194 2.61 3.884 3.445 4.086 4.204 4.216 6.21 4.734 4.425 3.735 4.203 4.431 
4.239 4.608 3.786 3.335 3.153 3.079 3.6 2.695 2.714 3.002 2.796 2.971 3.688 3.611 3.291 3.555 4.545 4.886 3.688 3.71 3.56 3.013 2.713 2.747 2.579 
2.216 2.484 2.269 1.597 2.381 2.707 2.126 2.599 2.534 3.041 2.665 3.77 3.463 3.846 3.71 4.93 4.887 4.069 3.504 2.544 2.888 2.042 2.626 2.367 2.311 
2.215 2.679 2.911 3.181 2.856 3.401 3.471 2.447 1.933 2.061 2.56 2.528 1.952 2.82 2.619 2.718 2.807 3.492 3.681 4.038 4.535 3.976 4.344 3.912 3.664 
2.888 3.27 2.392 2.979 2.485 2.184 2.634 2.253 2.191 1.994 2.019 2.039 2.419 1.991 1.545 2.086 2.158 2.514 3.839 3.166 3.484 3.322 2.932 2.382 1.807 
1.887 2.144 1.92 2.131 2.183 1.514 1.614 1.942 1.905 1.985 2.267 2.09 2.661 3.056 3.489 5.128 3.976 3.819 4.129 3.842 2.996 2.3 2.873 3.39 2.474 
2.139 2.14 2.311 1.917 1.789 1.883 2.104 1.692 1.842 2.134 2.203 2.098 2.662 2.577 2.791 3.42 2.776 2.185 1.976 2.293 1.946 2.251 2.231 2.226 2.276 
2.196 2.642 2.65 2.155 2.433 2.574 3.12 2.832 2.863 3.041 3.771 3.449 3.6 4.198 3.22 4.303 4.078 4.296 3.557 2.772 3.795 3.248 2.942 2.596 2.395 
2.698 2.199 2.682 2.369 2.269 2.557 2.539 2.628 2.976 3.594 3.725 3.68 5.981 
server14_TS1	5.205 7.579 6.095 5.348 4.605 4.528 4.015 3.308 3.352 4.332 3.446 4.317 5.588 4.503 3.706 4.516 5.47 4.893 4.569 4.005 4.246 4.203 4.602 4.228 4.601 4.351 
5.617 5.801 5.477 4.457 4.55 4.545 4.824 5.077 4.192 3.686 4.306 5.358 4.388 4.273 3.435 3.557 3.268 3.536 3.03 3.126 2.808 2.995 2.841 2.842 2.896 
2.948 3.274 2.908 3.233 3.349 3.206 2.914 2.735 3.094 3.434 2.741 3.194 2.976 3.052 3.028 3.462 3.297 3.783 3.627 4.215 3.815 4.426 5.394 3.86 4.925 
6.804 7.077 5.818 5.146 4.465 4.922 5.455 4.386 3.337 3.318 3.221 3.679 3.315 2.626 2.787 3.059 2.686 2.719 3.148 3.214 3.314 3.204 3.372 2.889 3.339 
3.507 2.888 3.024 3.14 3.26 2.993 3.532 4.271 4.709 4.905 5.136 4.923 4.012 6.867 6.22 7.53 7.096 5.239 4.638 5.886 4.773 5.829 5.077 5.928 5.544 
5.112 6.194 4.807 3.645 4.641 3.635 3.938 4.126 3.256 3.879 3.057 3.171 2.539 2.789 2.387 2.663 2.36 2.239 2.153 1.627 2.135 1.801 1.818 2.087 2.465 
1.977 2.242 2.985 2.733 2.616 2.611 3.735 4.422 4.179 3.465 3.812 3.534 3.665 3.047 2.623 2.379 2.186 2.232 2.547 2.492 2.817 2.779 2.481 2.983 3.523 
3.878 3.777 4.954 6.104 4.655 4.859 4.515 3.772 3.289 2.738 2.737 2.671 2.598 2.79 2.756 2.381 2.853 2.73 3.162 2.851 3.334 4.53 4.249 4.238 3.935 
3.842 3.354 4.68 4.091 4.515 5.787 6.078 4.075 4.578 3.788 4.021 4.871 3.926 4.994 4.831 5.097 5.68 4.225 3.821 3.679 2.92 3.132 3.031 3.129 2.756 
2.975 3.29 2.834 2.829 2.667 3.375 3.098 3.401 4.603 4.359 3.389 4.463 4.12 4.813 4.489 5.305 4.496 4.102 4.331 3.85 3.632 3.539 2.89 2.818 3.144 
2.966 2.992 2.946 3.12 3.551 3.566 3.327 3.981 5.206 4.551 6.734 6.049 5.715 7.955 7.333 10.205 7.651 6.184 6.037 6.288 7.518 5.253 5.165 5.152 6.697 
5.942 6.361 4.604 5.447 6.706 6.132 4.319 4.574 4.483 3.575 4.084 4.199 4.931 3.998 4.436 4.529 3.342 3.815 3.499 4.139 3.778 3.873 4.639 3.944 4.133 
3.063 3.385 4.521 3.517 3.405 3.586 5.069 4.761 4.281 7.275 6.676 5.808 5.352 5.621 5.809 5.334 7.007 6.596 5.439 3.824 3.78 3.869 3.157 3.756 3.275 
3.573 2.788 3.094 3.936 4.043 3.449 3.463 5.246 3.788 3.333 3.551 3.029 3.078 3.0 3.69 3.524 4.402 5.452 4.491 5.954 5.326 4.523 5.061 6.383 6.729 
5.871 4.465 4.221 4.422 4.927 5.718 4.393 3.659 4.109 4.422 4.655 4.627 3.488 3.612 3.458 3.643 3.81 3.354 4.572 4.835 4.182 4.471 3.641 3.744 3.688 
2.719 4.211 4.107 3.677 4.454 4.945 7.466 5.44 5.359 4.282 4.717 3.664 4.493 5.404 4.91 5.075 5.126 4.701 4.753 3.976 4.805 4.242 4.206 4.939 5.308 
5.207 4.437 6.482 4.202 4.67 4.746 4.601 4.336 3.624 3.644 3.827 3.839 3.175 3.329 3.174 3.424 2.727 2.839 3.162 3.644 3.734 3.89 4.297 3.688 3.488 
3.226 3.176 3.693 3.768 3.192 3.247 3.802 3.766 4.013 5.234 5.085 5.514 5.178 5.686 5.914 6.779 6.393 5.672 4.964 4.286 4.52 4.756 4.504 4.259 4.703 
3.532 3.439 4.325 3.906 3.505 3.692 3.346 4.265 3.836 3.722 4.258 4.912 5.736 
server04_TS1	4.417 4.317 4.073 3.866 3.55 4.087 3.931 4.084 3.09 3.591 3.162 2.784 3.088 3.036 2.421 2.217 2.249 2.605 2.388 2.303 2.295 2.612 2.838 2.65 3.263 3.717 
3.528 4.126 4.289 3.648 4.029 3.85 2.951 2.847 3.141 2.435 2.208 2.881 3.115 2.831 3.128 2.61 2.428 3.191 2.904 2.343 2.281 2.802 1.969 2.294 2.3 
2.333 2.152 2.251 2.333 2.361 2.35 2.659 2.968 3.371 2.889 3.819 3.065 2.765 2.495 2.835 2.808 2.39 2.567 2.853 1.926 2.002 2.885 2.244 2.438 2.724 
2.852 2.881 4.037 3.617 2.741 2.682 2.428 2.636 2.534 2.355 2.17 2.392 2.004 2.193 2.085 2.618 2.831 3.054 3.268 3.997 3.194 3.597 3.713 2.7 2.681 
2.625 2.887 2.6 2.866 2.88 2.551 2.976 3.37 3.009 2.92 3.13 3.749 4.294 3.833 4.632 4.807 5.005 5.275 4.111 4.794 5.682 5.387 4.578 3.836 2.614 
2.071 2.833 3.24 3.015 2.396 2.911 3.737 3.626 2.902 3.749 3.55 3.004 3.03 3.38 3.306 2.736 3.566 2.918 2.823 2.791 2.927 2.31 2.124 2.786 2.582 
2.45 2.0 2.335 2.459 3.055 3.364 3.248 3.289 3.631 3.171 3.218 3.261 3.017 2.218 2.245 1.389 2.016 1.862 1.514 1.726 1.63 1.987 1.217 1.686 1.732 
2.03 1.472 2.486 2.716 2.49 2.621 2.547 2.458 2.998 2.569 2.756 2.429 2.114 2.096 2.364 2.113 2.153 2.236 1.761 2.151 2.188 2.468 2.35 2.523 3.025 
2.034 2.301 2.515 2.33 2.011 1.669 2.139 2.306 1.853 2.403 2.428 2.638 2.176 2.247 2.623 2.143 1.913 2.453 2.815 1.824 2.37 2.583 2.187 2.159 2.679 
2.591 2.68 2.48 2.619 2.293 2.761 2.327 2.727 3.514 3.64 3.737 3.071 2.149 2.767 2.241 2.271 1.818 2.257 2.121 1.747 1.996 2.388 2.765 2.532 2.355 
2.659 2.636 2.793 3.119 3.333 3.222 4.415 5.095 4.977 3.515 3.651 2.267 3.097 2.946 2.948 3.468 3.498 4.247 3.588 4.117 4.01 5.087 4.618 4.883 4.172 
4.734 3.772 5.785 4.126 3.266 4.016 3.02 3.012 2.867 2.857 2.324 2.753 3.108 2.487 2.55 3.158 3.409 3.989 3.796 3.267 3.911 2.268 2.154 1.915 2.433 
1.708 1.589 2.122 1.83 1.071 1.572 1.621 2.03 2.15 2.304 2.704 3.084 2.855 3.037 3.138 4.009 3.844 4.012 3.212 3.412 2.38 2.249 2.318 3.35 1.947 
1.9 3.296 3.362 3.971 3.949 4.622 4.563 4.266 3.81 3.86 3.732 2.853 1.979 1.859 3.286 2.065 3.354 3.92 3.294 3.09 3.44 3.942 3.679 3.529 3.992 
4.106 3.513 3.732 3.653 3.342 2.564 2.586 1.783 1.873 1.877 1.758 2.393 2.204 2.031 3.563 3.52 3.388 3.954 3.728 2.617 2.884 2.172 1.965 1.674 1.068 
1.703 1.607 1.59 1.753 2.033 2.279 2.552 2.37 3.137 3.953 4.593 3.746 4.102 4.967 4.234 4.598 4.58 3.499 3.395 3.134 2.901 3.013 2.762 2.675 2.524 
2.387 3.1 3.384 3.774 2.743 2.957 2.532 2.975 2.735 3.133 3.076 3.005 3.28 2.938 3.905 3.328 4.423 3.902 3.165 3.304 3.474 3.918 2.927 3.394 1.819 
2.278 1.8 1.634 1.951 1.828 1.967 2.521 1.959 3.117 2.662 3.297 3.469 4.886 5.108 4.289 4.353 3.908 4.253 3.767 3.599 2.887 2.39 3.914 2.988 3.415 
3.228 2.817 2.679 2.711 2.61 2.491 2.232 2.374 2.325 1.604 2.04 2.407 2.594 
server08_TS1	5.711 5.077 4.21 4.329 4.059 3.784 3.721 4.466 5.028 4.026 4.302 4.245 3.364 4.0 3.847 2.89 3.419 3.026 2.383 2.725 3.011 2.609 2.256 3.161 3.614 2.945 
3.012 3.515 3.724 4.12 4.351 5.561 4.474 5.233 4.615 4.274 3.622 3.887 4.451 4.375 3.402 3.603 4.52 3.24 3.527 3.295 3.297 2.98 3.981 3.602 3.489 
3.906 3.499 4.019 4.65 3.745 4.097 3.87 3.779 3.524 3.357 4.413 3.803 4.363 3.069 3.665 2.841 3.151 2.524 2.904 2.875 2.857 3.045 3.461 3.427 4.026 
4.307 5.043 4.494 4.657 4.074 3.731 3.659 2.84 3.222 2.968 2.846 3.025 2.596 2.657 2.66 2.993 2.541 3.251 3.48 4.708 5.916 4.059 3.575 3.436 3.587 
3.407 3.563 2.738 2.972 3.158 3.77 3.654 4.16 3.911 3.216 2.489 2.83 3.293 2.957 3.101 2.863 3.946 3.446 3.129 3.508 3.461 4.533 4.347 6.054 6.557 
6.873 7.348 6.656 7.519 6.222 6.539 6.318 5.261 4.733 3.67 4.265 4.198 5.421 5.377 4.145 3.606 3.485 3.627 4.071 3.235 4.108 4.848 3.82 3.466 4.877 
4.999 4.399 4.357 5.661 5.378 4.399 5.491 3.514 3.502 2.818 4.839 2.874 2.875 3.58 5.713 3.722 3.056 3.86 3.626 4.061 4.101 3.626 4.577 4.845 4.666 
5.249 4.931 4.896 6.229 5.42 4.832 5.193 4.226 3.818 4.159 4.295 4.247 3.98 4.262 4.285 4.599 4.415 4.215 7.131 4.426 4.151 3.501 3.137 3.721 3.566 
5.314 3.168 4.788 3.662 3.932 4.957 4.144 3.899 5.237 5.762 4.479 5.336 3.485 3.452 2.984 3.39 3.704 3.447 3.687 5.844 4.14 3.965 4.953 4.622 5.303 
5.393 5.076 4.569 4.762 4.323 6.743 4.691 5.441 5.295 5.52 5.012 3.684 4.055 4.111 5.3 4.74 4.37 7.544 7.495 5.665 5.099 5.165 5.107 4.357 4.166 
4.079 5.044 4.59 3.941 4.316 4.361 3.231 3.063 3.944 4.283 3.215 3.985 3.977 3.73 4.686 5.071 6.793 5.542 6.124 3.863 5.277 3.868 4.357 3.698 4.032 
3.345 4.131 4.186 5.011 4.104 3.91 4.454 4.374 3.36 3.649 3.563 3.79 3.11 3.403 3.498 3.305 3.835 4.03 4.54 4.058 3.855 3.559 3.264 3.202 3.782 
3.9 5.34 4.838 4.522 4.991 6.302 4.466 5.848 6.502 4.948 4.13 4.182 4.332 3.672 4.321 4.658 3.765 3.727 4.519 4.448 4.201 4.203 3.711 3.96 4.184 
3.404 5.172 4.58 5.434 4.149 4.874 6.854 4.225 5.189 4.147 3.832 3.358 2.932 2.682 2.582 2.287 2.846 3.573 4.241 4.818 4.895 4.972 6.1 6.586 7.278 
7.085 6.428 5.054 4.652 4.342 3.866 2.972 2.836 3.146 2.05 2.348 3.048 2.727 2.847 3.282 4.33 4.266 4.201 3.929 4.219 3.62 3.429 4.625 3.818 4.102 
3.972 4.668 3.855 3.548 4.243 5.209 4.738 6.296 5.696 6.115 4.926 5.275 4.892 4.536 3.959 4.267 4.222 4.111 3.946 4.773 3.497 4.157 3.178 3.715 3.685 
3.144 4.078 3.194 4.401 3.796 3.256 3.539 5.262 5.734 7.186 7.574 6.194 6.558 3.397 2.961 4.226 3.223 3.861 3.802 5.151 3.718 3.67 3.986 3.977 4.53 
4.373 4.534 3.356 4.206 2.77 1.835 3.079 3.397 3.44 2.566 2.287 3.149 4.043 5.069 4.756 5.352 4.13 5.211 5.153 5.625 5.254 3.526 2.679 3.004 3.501 
3.292 2.759 2.615 3.431 2.908 3.025 3.443 3.522 3.182 3.686 3.73 4.511 6.283 
END
